{"schema_version":2,"name":"crank_slider","driver":{"joint":"mainPin","from":0,"to":360,"steps":72},"frames":[{"t":0.0,"driver_value":0.0,"status":"solved","placements":{"block":[[1.0,0.0,0.0,0.0],[0.0,1.0,0.0,0.0],[0.0,0.0,1.0,0.0],[0.0,0.0,0.0,1.0]],"flywheel":[[1.0,0.0,0.0,0.0],[0.0,1.0,0.0,0.0],[0.0,0.0,1.0,0.0],[0.0,0.0,0.0,1.0]],"rod":[[1.0,0.0,0.0,0.0],[0.0,1.0,0.0,0.0],[0.0,0.0,1.0,0.0],[0.0,0.0,0.0,1.0]],"piston":[[1.0,0.0,0.0,0.0],[0.0,1.0,0.0,0.0],[0.0,0.0,1.0,0.0],[0.0,0.0,0.0,1.0]]}},{"t":0.013888888888888888,"driver_value":5.0,"status":"solved","placements":{"block":[[1.0,0.0,0.0,0.0],[0.0,1.0,0.0,0.0],[0.0,0.0,1.0,0.0],[0.0,0.0,0.0,1.0]],"flywheel":[[0.9961946980917391,0.08715574274773114,0.0,0.0],[-0.08715574274773114,0.9961946980917391,0.0,0.0],[0.0,0.0,1.0,0.0],[-1.8019440106709084e-16,-8.257554796192723e-17,6.022959908591474e-15,1.0]],"rod":[[0.9999993550715347,-0.0011357185014614622,5.849189367788242e-32,0.0],[0.0011357185014614622,0.9999993550715347,6.221558172445711e-25,0.0],[-7.066523642924905e-28,-6.2215541593214445e-25,1.0,0.0],[-7.609313959707105e-05,0.0017658292249815369,-1.7574110742533527e-33,1.0]],"piston":[[1.0,-2.198419223872721e-52,7.067107421662196e-28,0.0],[-2.198419223872721e-52,1.0,6.221553155210563e-25,0.0],[-7.067107421662196e-28,-6.221553155210563e-25,1.0,0.0],[0.0,0.0017657860147758109,-4.1684406130252506e-26,1.0]]}},{"t":0.027777777777777776,"driver_value":10.0,"status":"solved","placements":{"block":[[1.0,0.0,0.0,0.0],[0.0,1.0,0.0,0.0],[0.0,0.0,1.0,0.0],[0.0,0.0,0.0,1.0]],"flywheel":[[0.9848077530121954,0.17364817766700247,0.0,0.0],[-0.17364817766700247,0.9848077530121954,0.0,0.0],[0.0,0.0,1.0,0.0],[-1.7249656564244376e-16,-9.798477133837746e-17,6.022959908591474e-15,1.0]],"rod":[[0.9999897307359721,-0.004531933648914151,5.456287733668081e-32,0.0],[0.004531933648914151,0.9999897307359721,6.061619993242852e-25,0.0],[-2.7471405237478203e-27,-6.06155774239395e-25,1.0,0.0],[-0.00030363955447646786,0.0035636022263161107,-1.377986023322054e-29,1.0]],"piston":[[1.0,9.796885551095642e-51,2.747194654518883e-27,0.0],[-1.146211319162852e-50,1.0,6.061556787735191e-25,0.0],[-2.747194654518883e-27,-6.061556787735191e-25,1.0,0.0],[0.0,0.0035629141856275692,-4.0612430465792784e-26,1.0]]}},{"t":0.041666666666666664,"driver_value":15.0,"status":"solved","placements":{"block":[[1.0,0.0,0.0,0.0],[0.0,1.0,0.0,0.0],[0.0,0.0,1.0,0.0],[0.0,0.0,0.0,1.0]],"flywheel":[[0.9659258262890493,0.25881904510259146,0.0,0.0],[-0.25881904510259146,0.9659258262890493,0.0,0.0],[0.0,0.0,1.0,0.0],[-1.6317242695906842e-16,-1.1262150066693177e-16,6.016021014687567e-15,1.0]],"rod":[[0.999948426501443,-0.01015600006342076,4.8106152567075923e-32,0.0],[0.01015600006342076,0.999948426501443,5.794644391733572e-25,0.0],[-5.8850889846662554e-27,-5.794345536763736e-25,1.0,0.0],[-0.0006804520042485197,0.005379500903318138,-5.308568298573354e-29,1.0]],"piston":[[1.0,4.414108980841319e-49,5.885136205490994e-27,0.0],[-4.448209488402581e-49,1.0,5.79434466265115e-25,0.0],[-5.885136205490994e-27,-5.79434466265115e-25,1.0,0.0],[0.0,0.005376045478916028,-3.882210924509449e-26,1.0]]}},{"t":0.05555555555555555,"driver_value":20.0,"status":"solved","placements":{"block":[[1.0,0.0,0.0,0.0],[0.0,1.0,0.0,0.0],[0.0,0.0,1.0,0.0],[0.0,0.0,0.0,1.0]],"flywheel":[[0.9396926207858833,0.3420201433257375,0.0,0.0],[-0.3420201433257375,0.9396926207858833,0.0,0.0],[0.0,0.0,1.0,0.0],[-1.5254724566871047e-16,-1.2636376320318554e-16,6.016021014687567e-15,1.0]],"rod":[[0.9998388123884572,-0.01795408704555721,3.9969109857850386e-32,0.0],[0.01795408704555721,0.9998388123884572,5.433054027600368e-25,0.0],[-9.754592456142554e-27,-5.432178279422188e-25,1.0,0.0],[-0.001202923832051797,0.0071994846074239435,-1.1083389792208275e-28,1.0]],"piston":[[1.0,4.047928149345278e-48,9.754631049105629e-27,0.0],[-4.0532270380851027e-48,1.0,5.432177509482577e-25,0.0],[-9.754631049105629e-27,-5.432177509482577e-25,1.0,0.0],[0.0,0.00718868503745157,-3.6395589302520313e-26,1.0]]}},{"t":0.06944444444444445,"driver_value":25.0,"status":"solved","placements":{"block":[[1.0,0.0,0.0,0.0],[0.0,1.0,0.0,0.0],[0.0,0.0,1.0,0.0],[0.0,0.0,0.0,1.0]],"flywheel":[[0.906307787036619,0.42261826174076583,0.0,0.0],[-0.42261826174076583,0.906307787036619,0.0,0.0],[0.0,0.0,1.0,0.0],[-1.4116312285761268e-16,-1.3926576905576304e-16,6.016021014687567e-15,1.0]],"rod":[[0.9996120572147343,-0.027852020948696796,3.1140750891040067e-32,0.0],[0.027852020948696796,0.9996120572147343,4.9936416462962425e-25,0.0],[-1.3908332302962833e-26,-4.9917043903740315e-25,1.0,0.0],[-0.0018660854035622964,0.009009405653787474,-1.7888711398949182e-28,1.0]],"piston":[[1.0,1.9441103865893902e-47,1.3908361640774106e-26,0.0],[-1.944804650797441e-47,1.0,4.9917037389624475e-25,0.0],[-1.3908361640774106e-26,-4.9917037389624475e-25,1.0,0.0],[0.0,0.008983413487175476,-3.3444415059697075e-26,1.0]]}},{"t":0.08333333333333333,"driver_value":30.0,"status":"solved","placements":{"block":[[1.0,0.0,0.0,0.0],[0.0,1.0,0.0,0.0],[0.0,0.0,1.0,0.0],[0.0,0.0,0.0,1.0]],"flywheel":[[0.866025403784402,0.5000000000000635,0.0,0.0],[-0.5000000000000635,0.866025403784402,0.0,0.0],[0.0,0.0,1.0,0.0],[-1.2836953722228372e-16,-1.5108357273585504e-16,6.022959908591474e-15,1.0]],"rod":[[0.999209401125727,-0.0397564171168122,2.2564371586343023e-32,0.0],[0.0397564171168122,0.999209401125727,4.495670072946437e-25,0.0],[-1.787319601049503e-26,-4.492115792276877e-25,1.0,0.0],[-0.0026636799468261595,0.010795128342335918,-2.457093237846972e-28,1.0]],"piston":[[1.0,6.479053754003683e-47,1.7873216490999764e-26,0.0],[-6.479856639489851e-47,1.0,4.492115264046795e-25,0.0],[-1.7873216490999764e-26,-4.492115264046795e-25,1.0,0.0],[0.0,0.010742158217760228,-3.009717226454913e-26,1.0]]}},{"t":0.09722222222222222,"driver_value":35.0,"status":"solved","placements":{"block":[[1.0,0.0,0.0,0.0],[0.0,1.0,0.0,0.0],[0.0,0.0,1.0,0.0],[0.0,0.0,0.0,1.0]],"flywheel":[[0.8191520442889497,0.5735764363511061,0.0,0.0],[-0.5735764363511061,0.8191520442889497,0.0,0.0],[0.0,0.0,1.0,0.0],[-1.1470858984896637e-16,-1.616545439175887e-16,6.022959908591474e-15,1.0]],"rod":[[0.9985648443970943,-0.053556059733767446,1.4991784936318118e-32,0.0],[0.053556059733767446,0.9985648443970943,3.9601076400396294e-25,0.0],[-2.1208791102480518e-26,-3.954424261342908e-25,1.0,0.0],[-0.00358825600216227,0.01254264992169607,-3.0244324771583486e-28,1.0]],"piston":[[1.0,1.7005028054220101e-46,2.1208803920263228e-26,0.0],[-1.7005866740221043e-46,1.0,3.954423851978445e-25,0.0],[-2.1208803920263228e-26,-3.954423851978445e-25,1.0,0.0],[0.0,0.012446494496301808,-2.649463979970113e-26,1.0]]}},{"t":0.1111111111111111,"driver_value":40.0,"status":"solved","placements":{"block":[[1.0,0.0,0.0,0.0],[0.0,1.0,0.0,0.0],[0.0,0.0,1.0,0.0],[0.0,0.0,0.0,1.0]],"flywheel":[[0.7660444431189308,0.6427876096865955,0.0,0.0],[-0.6427876096865955,0.7660444431189308,0.0,0.0],[0.0,0.0,1.0,0.0],[-1.0018028073766061e-16,-1.7097868260096405e-16,6.022959908591474e-15,1.0]],"rod":[[0.9976081114772606,-0.06912348309202664,8.890849281084293e-33,0.0],[0.06912348309202664,0.9976081114772606,3.407263725196133e-25,0.0],[-2.355220251945042e-26,-3.3991139240522254e-25,1.0,0.0],[-0.004631273367165725,0.01423822185557122,-3.3762548593854465e-28,1.0]],"piston":[[1.0,3.7635911420700184e-46,2.3552209339464757e-26,0.0],[-3.763671198705615e-46,1.0,3.3991136221075456e-25,0.0],[-2.3552209339464757e-26,-3.3991136221075456e-25,1.0,0.0],[0.0,0.01407796532454797,-2.2774061262623556e-26,1.0]]}},{"t":0.125,"driver_value":45.0,"status":"solved","placements":{"block":[[1.0,0.0,0.0,0.0],[0.0,1.0,0.0,0.0],[0.0,0.0,1.0,0.0],[0.0,0.0,0.0,1.0]],"flywheel":[[0.7071067811864956,0.7071067811865994,0.0,0.0],[-0.7071067811865994,0.7071067811864956,0.0,0.0],[0.0,0.0,1.0,0.0],[-8.51098705401121e-17,-1.7911019889460533e-16,6.022959908591474e-15,1.0]],"rod":[[0.9962677482309218,-0.08631670658041,4.4331664141211744e-33,0.0],[0.08631670658041,0.9962677482309218,2.85649682716907e-25,0.0],[-2.46563442644832e-26,-2.8458356580059387e-25,1.0,0.0],[-0.005783219340887461,0.015868469755339155,-3.4399061218237155e-28,1.0]],"piston":[[1.0,7.31989503040248e-46,2.4656346888097404e-26,0.0],[-7.319965198308453e-46,1.0,2.8458354472303178e-25,0.0],[-2.4656346888097404e-26,-2.8458354472303178e-25,1.0,0.0],[0.0,0.015618408886811097,-1.9067097485434718e-26,1.0]]}},{"t":0.1388888888888889,"driver_value":50.0,"status":"solved","placements":{"block":[[1.0,0.0,0.0,0.0],[0.0,1.0,0.0,0.0],[0.0,0.0,1.0,0.0],[0.0,0.0,0.0,1.0]],"flywheel":[[0.6427876096864831,0.7660444431190253,0.0,0.0],[-0.7660444431190253,0.6427876096864831,0.0,0.0],[0.0,0.0,1.0,0.0],[-6.917209860457518e-17,-1.85940672581264e-16,6.022959908591474e-15,1.0]],"rod":[[0.9944742195511758,-0.10498107757153168,1.5342935421841623e-33,0.0],[0.10498107757153168,0.9944742195511758,2.325104483827264e-25,0.0],[-2.4409198943673984e-26,-2.3122564653183397e-25,1.0,0.0],[-0.007033732197292641,0.01742051041381027,-3.173019176074039e-28,1.0]],"piston":[[1.0,1.2851427324990112e-45,2.4409199028184816e-26,0.0],[-1.2851483765315006e-45,1.0,2.312256327174574e-25,0.0],[-2.4409199028184816e-26,-2.312256327174574e-25,1.0,0.0],[0.0,0.017050283123739143,-1.5492117398445247e-26,1.0]]}},{"t":0.1527777777777778,"driver_value":55.0,"status":"solved","placements":{"block":[[1.0,0.0,0.0,0.0],[0.0,1.0,0.0,0.0],[0.0,0.0,1.0,0.0],[0.0,0.0,0.0,1.0]],"flywheel":[[0.5735764363509859,0.819152044289034,0.0,0.0],[-0.819152044289034,0.5735764363509859,0.0,0.0],[0.0,0.0,1.0,0.0],[-5.2583805365546965e-17,-1.9125326322644298e-16,6.022959908591474e-15,1.0]],"rod":[[0.9921628911049685,-0.12495118052355673,-6.810262394729609e-35,0.0],[0.12495118052355673,0.9921628911049685,1.8276652785203613e-25,0.0],[-2.283689334773453e-26,-1.813341666794024e-25,1.0,0.0],[-0.008371729095078335,0.018882064496251107,-2.5550855163823666e-28,1.0]],"piston":[[1.0,2.0747390283260213e-45,2.2836892220734787e-26,0.0],[-2.0747431694346498e-45,1.0,1.813341582756316e-25,0.0],[-2.2836892220734787e-26,-1.813341582756316e-25,1.0,0.0],[0.0,0.018356978200284077,-1.2149388597900958e-26,1.0]]}},{"t":0.16666666666666666,"driver_value":60.0,"status":"solved","placements":{"block":[[1.0,0.0,0.0,0.0],[0.0,1.0,0.0,0.0],[0.0,0.0,1.0,0.0],[0.0,0.0,0.0,1.0]],"flywheel":[[0.4999999999999363,0.8660254037844755,0.0,0.0],[-0.8660254037844755,0.4999999999999363,0.0,0.0],[0.0,0.0,1.0,0.0],[-3.572446158339737e-17,-1.951563910473908e-16,6.022959908591474e-15,1.0]],"rod":[[0.989276799791638,-0.14605277605720318,-7.245061655188353e-34,0.0],[0.14605277605720318,0.989276799791638,1.3759852665554289e-25,0.0],[-2.0096646082685962e-26,-1.3612303021165598e-25,1.0,0.0],[-0.009785535995832645,0.020241563596833025,-1.594499549152553e-28,1.0]],"piston":[[1.0,3.120913081299956e-45,2.0096644661487475e-26,0.0],[-3.1209158169160305e-45,1.0,1.361230255458347e-25,0.0],[-2.0096644661487475e-26,-1.361230255458347e-25,1.0,0.0],[0.0,0.019523109182872797,-9.120242720167338e-27,1.0]]}},{"t":0.18055555555555555,"driver_value":65.0,"status":"solved","placements":{"block":[[1.0,0.0,0.0,0.0],[0.0,1.0,0.0,0.0],[0.0,0.0,1.0,0.0],[0.0,0.0,0.0,1.0]],"flywheel":[[0.42261826174063305,0.9063077870366809,0.0,0.0],[-0.9063077870366809,0.42261826174063305,0.0,0.0],[0.0,0.0,1.0,0.0],[-1.8756697583999227e-17,-1.973247953923618e-16,6.019490461639521e-15,1.0]],"rod":[[0.9857691395595977,-0.16810473964743042,-7.935008938251064e-34,0.0],[0.16810473964743042,0.9857691395595977,9.7941596432349e-26,0.0],[-1.6464445786705035e-26,-9.654780337560129e-26,1.0,0.0],[-0.01126301755637786,0.02148825053368183,-3.402581358760248e-29,1.0]],"piston":[[1.0,4.4170844206946986e-45,1.646444458862514e-26,0.0],[-4.41708601030062e-45,1.0,9.654780107035407e-26,0.0],[-1.646444458862514e-26,-9.654780107035407e-26,1.0,0.0],[0.0,0.020534782884174888,-6.468702659939548e-27,1.0]]}},{"t":0.19444444444444445,"driver_value":70.0,"status":"solved","placements":{"block":[[1.0,0.0,0.0,0.0],[0.0,1.0,0.0,0.0],[0.0,0.0,1.0,0.0],[0.0,0.0,0.0,1.0]],"flywheel":[[0.34202014332559955,0.9396926207859335,0.0,0.0],[-0.9396926207859335,0.34202014332559955,0.0,0.0],[0.0,0.0,1.0,0.0],[-1.3552527156068805e-18,-1.981921571303502e-16,6.022959908591474e-15,1.0]],"rod":[[0.9816054101518469,-0.19092097517199194,-5.82423409996891e-34,0.0],[0.19092097517199194,0.9816054101518469,6.447136967977802e-26,0.0],[-1.2308936198227246e-26,-6.32854453887667e-26,1.0,0.0],[-0.01279170533652348,0.022612271919158246,1.151183938987395e-28,1.0]],"piston":[[1.0,5.925228756809402e-45,1.2308935415308085e-26,0.0],[-5.92522953578585e-45,1.0,6.328544441407228e-26,0.0],[-1.2308935415308085e-26,-6.328544441407228e-26,1.0,0.0],[0.0,0.021379834399332,-4.2401247655575135e-27,1.0]]}},{"t":0.20833333333333334,"driver_value":75.0,"status":"solved","placements":{"block":[[1.0,0.0,0.0,0.0],[0.0,1.0,0.0,0.0],[0.0,0.0,1.0,0.0],[0.0,0.0,0.0,1.0]],"flywheel":[[0.25881904510244974,0.9659258262890873,0.0,0.0],[-0.9659258262890873,0.25881904510244974,0.0,0.0],[0.0,0.0,1.0,0.0],[1.6073297207097603e-17,-1.975416358268589e-16,6.022959908591474e-15,1.0]],"rod":[[0.9767651944982219,-0.21431228340170072,-3.1332383065209815e-34,0.0],[0.21431228340170072,0.9767651944982219,3.767435707345158e-26,0.0],[-8.07407718405861e-27,-3.6799000781594536e-26,1.0,0.0],[-0.014358922987913959,0.023604762193815628,2.8003351206893386e-28,1.0]],"piston":[[1.0,7.575436406997376e-45,8.074076790415499e-27,0.0],[-7.575436704115332e-45,1.0,3.679900044949842e-26,0.0],[-8.074076790415499e-27,-3.679900044949842e-26,1.0,0.0],[0.0,0.022048030225196524,-2.4655330239751413e-27,1.0]]}},{"t":0.2222222222222222,"driver_value":80.0,"status":"solved","placements":{"block":[[1.0,0.0,0.0,0.0],[0.0,1.0,0.0,0.0],[0.0,0.0,1.0,0.0],[0.0,0.0,0.0,1.0]],"flywheel":[[0.17364817766685783,0.9848077530122209,0.0,0.0],[-0.9848077530122209,0.17364817766685783,0.0,0.0],[0.0,0.0,1.0,0.0],[3.309527131512002e-17,-1.9548165169913645e-16,6.016021014687567e-15,1.0]],"rod":[[0.9712435449567772,-0.23808816934025218,-1.1232647347430569e-34,0.0],[0.23808816934025218,0.9712435449567772,1.7876161764209558e-26,0.0],[-4.256102520174505e-27,-1.7362106748835295e-26,1.0,0.0],[-0.015951907345796896,0.024457918447049455,4.519651059901469e-28,1.0]],"piston":[[1.0,9.270122866978451e-45,4.2561023839254474e-27,0.0],[-9.270122940873355e-45,1.0,1.7362106664729633e-26,0.0],[-4.2561023839254474e-27,-1.7362106664729633e-26,1.0,0.0],[0.0,0.022531235959153517,-1.1632611567791557e-27,1.0]]}},{"t":0.2361111111111111,"driver_value":85.0,"status":"solved","placements":{"block":[[1.0,0.0,0.0,0.0],[0.0,1.0,0.0,0.0],[0.0,0.0,1.0,0.0],[0.0,0.0,0.0,1.0]],"flywheel":[[0.0871557427475847,0.996194698091752,0.0,0.0],[-0.996194698091752,0.0871557427475847,0.0,0.0],[0.0,0.0,1.0,0.0],[5.003593026020603e-17,-1.9190378452993428e-16,6.022959908591474e-15,1.0]],"rod":[[0.9650519691906615,-0.2620585750576127,-1.7535512132830713e-35,0.0],[0.2620585750576127,0.9650519691906615,5.280226219790279e-27,0.0],[-1.3837285422174051e-27,-5.095692715776103e-27,1.0,0.0],[-0.017557924528860056,0.02516506546298742,6.219335032225488e-28,1.0]],"piston":[[1.0,1.0892523359020749e-44,1.3837285200658067e-27,0.0],[-1.0892523366071805e-44,1.0,5.095692701123339e-27,0.0],[-1.3837285200658067e-27,-5.095692701123339e-27,1.0,0.0],[0.0,0.022823547398761745,-3.4141140680084816e-28,1.0]]}},{"t":0.25,"driver_value":90.0,"status":"solved","placements":{"block":[[1.0,0.0,0.0,0.0],[0.0,1.0,0.0,0.0],[0.0,0.0,1.0,0.0],[0.0,0.0,0.0,1.0]],"flywheel":[[-7.365757649515303e-14,1.0,0.0,0.0],[-1.0,-7.365757649515303e-14,0.0,0.0],[0.0,0.0,1.0,0.0],[6.657316082039683e-17,-1.8680803431925241e-16,6.022959908591474e-15,1.0]],"rod":[[0.958219013401263,-0.28603552638843677,-7.606286600062876e-39,0.0],[0.28603552638843677,0.958219013401263,-1.0123034739274145e-29,0.0],[2.8955475775852003e-30,9.700084358318315e-30,1.0,0.0],[-0.019164380268025267,0.02572071052776899,7.819007147726179e-28,1.0]],"piston":[[1.0,1.2318456980487128e-44,-2.8955475563296715e-30,0.0],[-1.2318456980487155e-44,1.0,-9.700084309002422e-30,0.0],[2.8955475563296715e-30,9.700084309002422e-30,1.0,0.0],[0.0,0.022921384425653613,6.499050597334727e-31,1.0]]}},{"t":0.2638888888888889,"driver_value":95.0,"status":"solved","placements":{"block":[[1.0,0.0,0.0,0.0],[0.0,1.0,0.0,0.0],[0.0,0.0,1.0,0.0],[0.0,0.0,0.0,1.0]],"flywheel":[[-0.08715574274773145,0.9961946980917391,0.0,0.0],[-0.9961946980917391,-0.08715574274773145,0.0,0.0],[0.0,0.0,1.0,0.0],[8.25484429076151e-17,-1.8041124150158794e-16,6.022959908591474e-15,1.0]],"rod":[[0.9507904445029693,-0.30983468276138176,7.603825634094635e-36,0.0],[0.30983468276138176,0.9507904445029693,2.05916652910559e-27,0.0],[-6.380012155279308e-28,-1.9578358571580113e-27,1.0,0.0],[-0.020758923745012578,0.026120587617062794,9.23263900468268e-28,1.0]],"piston":[[1.0,1.342988225108436e-44,6.38001220140923e-28,0.0],[-1.3429882252333462e-44,1.0,1.9578358467301643e-27,0.0],[-6.38001220140923e-28,-1.9578358467301643e-27,1.0,0.0],[0.0,0.02282354739876173,-1.3117499221571741e-28,1.0]]}},{"t":0.2777777777777778,"driver_value":100.0,"status":"solved","placements":{"block":[[1.0,0.0,0.0,0.0],[0.0,1.0,0.0,0.0],[0.0,0.0,1.0,0.0],[0.0,0.0,0.0,1.0]],"flywheel":[[-0.1736481776670029,0.9848077530121953,0.0,0.0],[-0.9848077530121953,-0.1736481776670029,0.0,0.0],[0.0,0.0,1.0,0.0],[9.798477133837746e-17,-1.7227972520794665e-16,6.016021014687567e-15,1.0]],"rod":[[0.94282903439561,-0.3332767797201622,7.88028819824277e-35,0.0],[0.3332767797201622,0.94282903439561,1.1454531496007439e-26,0.0],[-3.817529444490176e-27,-1.0799664843571626e-26,1.0,0.0],[-0.02232954424125087,0.026361690654647645,1.0404624912999402e-27,1.0]],"piston":[[1.0,1.412850026429615e-44,3.8175294920698014e-27,0.0],[-1.412850030552419e-44,1.0,1.0799664741740315e-26,0.0],[-3.8175294920698014e-27,-1.0799664741740315e-26,1.0,0.0],[0.0,0.022531235959153545,-7.2357753752549615e-28,1.0]]}},{"t":0.2916666666666667,"driver_value":105.0,"status":"solved","placements":{"block":[[1.0,0.0,0.0,0.0],[0.0,1.0,0.0,0.0],[0.0,0.0,1.0,0.0],[0.0,0.0,0.0,1.0]],"flywheel":[[-0.25881904510259185,0.9659258262890492,0.0,0.0],[-0.9659258262890492,-0.25881904510259185,0.0,0.0],[0.0,0.0,1.0,0.0],[1.125672905583075e-16,-1.6317242695906842e-16,6.016021014687567e-15,1.0]],"rod":[[0.9344139496461008,-0.35618895365630615,2.6086812993062284e-34,0.0],[0.35618895365630615,0.9344139496461008,2.8105011146332413e-26,0.0],[-1.0010694756469783e-26,-2.626171437717381e-26,1.0,0.0],[-0.02386465989497251,0.02644229559890773,1.127744312302733e-27,1.0]],"piston":[[1.0,1.4347658714921631e-44,1.0010694883615468e-26,0.0],[-1.4347658977819638e-44,1.0,2.62617139783452e-26,0.0],[-1.0010694883615468e-26,-2.62617139783452e-26,1.0,0.0],[0.0,0.022048030225196497,-1.759534845351277e-27,1.0]]}},{"t":0.3055555555555556,"driver_value":110.0,"status":"solved","placements":{"block":[[1.0,0.0,0.0,0.0],[0.0,1.0,0.0,0.0],[0.0,0.0,1.0,0.0],[0.0,0.0,0.0,1.0]],"flywheel":[[-0.34202014332573777,0.9396926207858832,0.0,0.0],[-0.9396926207858832,-0.34202014332573777,0.0,0.0],[0.0,0.0,1.0,0.0],[1.26255342985937e-16,-1.5265566588595902e-16,6.022959908591474e-15,1.0]],"rod":[[0.9256397495544775,-0.3784059381731797,5.452712610160314e-34,0.0],[0.3784059381731797,0.9256397495544775,5.184242272739223e-26,0.0],[-1.9617481114054183e-26,-4.7987406983346813e-26,1.0,0.0],[-0.025353197857603038,0.026361971179181997,1.1824081745072703e-27,1.0]],"piston":[[1.0,1.4060964866836227e-44,1.9617481265372144e-26,0.0],[-1.4060965808228262e-44,1.0,4.7987405912554846e-26,0.0],[-1.9617481265372144e-26,-4.7987405912554846e-26,1.0,0.0],[0.0,0.021379834399332,-3.2151561880671742e-27,1.0]]}},{"t":0.3194444444444444,"driver_value":115.0,"status":"solved","placements":{"block":[[1.0,0.0,0.0,0.0],[0.0,1.0,0.0,0.0],[0.0,0.0,1.0,0.0],[0.0,0.0,0.0,1.0]],"flywheel":[[-0.4226182617407661,0.9063077870366189,0.0,0.0],[-0.9063077870366189,-0.4226182617407661,0.0,0.0],[0.0,0.0,1.0,0.0],[1.3921155894713877e-16,-1.4116312285761268e-16,6.019490461639521e-15,1.0]],"rod":[[0.9166149956871156,-0.39977112162024553,8.442437907967538e-34,0.0],[0.39977112162024553,0.9166149956871156,8.239889795903322e-26,0.0],[-3.2940700631201393e-26,-7.552806515983803e-26,1.0,0.0],[-0.02678466514855645,0.02612157817313812,1.203378205298369e-27,1.0]],"piston":[[1.0,1.328641838437475e-44,3.294070054803734e-26,0.0],[-1.3286420872322053e-44,1.0,7.552806285733684e-26,0.0],[-3.294070054803734e-26,-7.552806285733684e-26,1.0,0.0],[0.0,0.0205347828841749,-5.060380206653733e-27,1.0]]}},{"t":0.3333333333333333,"driver_value":120.0,"status":"solved","placements":{"block":[[1.0,0.0,0.0,0.0],[0.0,1.0,0.0,0.0],[0.0,0.0,1.0,0.0],[0.0,0.0,0.0,1.0]],"flywheel":[[-0.5000000000000641,0.8660254037844016,0.0,0.0],[-0.8660254037844016,-0.5000000000000641,0.0,0.0],[0.0,0.0,1.0,0.0],[1.5108357273585504e-16,-1.2847795743953228e-16,6.022959908591474e-15,1.0]],"rod":[[0.9074604774353264,-0.42013745595084634,9.781755132307107e-34,0.0],[0.42013745595084634,0.9074604774353264,1.193825529593643e-25,0.0],[-5.015708297292012e-26,-1.0833494809498472e-25,1.0,0.0],[-0.02814920954870672,0.025723257194705883,1.1905517285358687e-27,1.0]],"piston":[[1.0,1.2085372385741377e-44,5.015708207725467e-26,0.0],[-1.2085377819506047e-44,1.0,1.083349438321179e-25,0.0],[-5.015708207725467e-26,-1.083349438321179e-25,1.0,0.0],[0.0,0.019523109182872797,-7.258441235510342e-27,1.0]]}},{"t":0.3472222222222222,"driver_value":125.0,"status":"solved","placements":{"block":[[1.0,0.0,0.0,0.0],[0.0,1.0,0.0,0.0],[0.0,0.0,1.0,0.0],[0.0,0.0,0.0,1.0]],"flywheel":[[-0.573576436351107,0.8191520442889492,0.0,0.0],[-0.8191520442889492,-0.573576436351107,0.0,0.0],[0.0,0.0,1.0,0.0],[1.618713843520858e-16,-1.1481701006621492e-16,6.022959908591474e-15,1.0]],"rod":[[0.8983070618800055,-0.43936820842718227,6.776474795557827e-34,0.0],[0.43936820842718227,0.8983070618800055,1.6223550806304832e-25,0.0],[-7.128112512967074e-26,-1.4573730228299011e-25,1.0,0.0],[-0.02943766996462125,0.025170405054323625,1.1448498202156728e-27,1.0]],"piston":[[1.0,1.0556258705963525e-44,7.12811224247526e-26,0.0],[-1.0556269094281506e-44,1.0,1.4573729521036926e-25,0.0],[-7.12811224247526e-26,-1.4573729521036926e-25,1.0,0.0],[0.0,0.01835697820028405,-9.764398782720318e-27,1.0]]}},{"t":0.3611111111111111,"driver_value":130.0,"status":"solved","placements":{"block":[[1.0,0.0,0.0,0.0],[0.0,1.0,0.0,0.0],[0.0,0.0,1.0,0.0],[0.0,0.0,0.0,1.0]],"flywheel":[[-0.6427876096865959,0.7660444431189307,0.0,0.0],[-0.7660444431189307,-0.6427876096865959,0.0,0.0],[0.0,0.0,1.0,0.0],[1.7097868260096405e-16,-1.0039712117215771e-16,6.022959908591474e-15,1.0]],"rod":[[0.8892931829896626,-0.45733755005259985,-3.947796184219028e-34,0.0],[0.45733755005259985,0.8892931829896626,2.101561800302481e-25,0.0],[-9.611231215237198e-26,-1.868904584445955e-25,1.0,0.0],[-0.030641615853524283,0.024467639863431662,1.0704913983998316e-27,1.0]],"piston":[[1.0,8.82367892422429e-45,9.611230616698627e-26,0.0],[-8.823696886696216e-45,1.0,1.8689044766920834e-25,0.0],[-9.611230616698627e-26,-1.8689044766920834e-25,1.0,0.0],[0.0,0.017050283123739143,-1.252165999872095e-26,1.0]]}},{"t":0.375,"driver_value":135.0,"status":"solved","placements":{"block":[[1.0,0.0,0.0,0.0],[0.0,1.0,0.0,0.0],[0.0,0.0,1.0,0.0],[0.0,0.0,0.0,1.0]],"flywheel":[[-0.7071067811866,0.7071067811864952,0.0,0.0],[-0.7071067811864952,-0.7071067811866,0.0,0.0],[0.0,0.0,1.0,0.0],[1.7921861911185388e-16,-8.500145032286355e-17,6.022959908591474e-15,1.0]],"rod":[[0.8805619955311385,-0.47393097812468366,-2.5987704211704357e-33,0.0],[0.47393097812468366,0.8805619955311385,2.621106678662398e-25,0.0],[-1.2422236291038265e-25,-2.3080469397793335e-25,1.0,0.0],[-0.031753375534353985,0.023620755186224664,9.715397178626403e-28,1.0]],"piston":[[1.0,7.024120884221309e-45,1.242223517143138e-25,0.0],[-7.024149555321279e-45,1.0,2.308046786591201e-25,0.0],[-1.242223517143138e-25,-2.308046786591201e-25,1.0,0.0],[0.0,0.015618408886811055,-1.5463913478486532e-26,1.0]]}},{"t":0.3888888888888889,"driver_value":140.0,"status":"solved","placements":{"block":[[1.0,0.0,0.0,0.0],[0.0,1.0,0.0,0.0],[0.0,0.0,1.0,0.0],[0.0,0.0,0.0,1.0]],"flywheel":[[-0.7660444431190256,0.6427876096864826,0.0,0.0],[-0.6427876096864826,-0.7660444431190256,0.0,0.0],[0.0,0.0,1.0,0.0],[1.8583225236401546e-16,-6.906367838732663e-17,6.022959908591474e-15,1.0]],"rod":[[0.8722582332822962,-0.48904557504515594,-6.24839888171904e-33,0.0],[0.48904557504515594,0.8722582332822962,3.167765604267344e-25,0.0],[-1.5491816970450154e-25,-2.7631096599881776e-25,1.0,0.0],[-0.032766053528025765,0.022636663694633873,8.537276942695565e-28,1.0]],"piston":[[1.0,5.290077773032566e-45,1.5491815102065535e-25,0.0],[-5.290120578613342e-45,1.0,2.7631094545117458e-25,0.0],[-1.5491815102065535e-25,-2.7631094545117458e-25,1.0,0.0],[0.0,0.014077965324547914,-1.8512833336367538e-26,1.0]]}},{"t":0.4027777777777778,"driver_value":145.0,"status":"solved","placements":{"block":[[1.0,0.0,0.0,0.0],[0.0,1.0,0.0,0.0],[0.0,0.0,1.0,0.0],[0.0,0.0,0.0,1.0]],"flywheel":[[-0.8191520442890341,0.5735764363509855,0.0,0.0],[-0.5735764363509855,-0.8191520442890341,0.0,0.0],[0.0,0.0,1.0,0.0],[1.9114484300919443e-16,-5.2583805365546965e-17,6.022959908591474e-15,1.0]],"rod":[[0.8645248289683393,-0.5025901114200952,-1.1527631209065535e-32,0.0],[0.5025901114200952,0.8645248289683393,3.725342819479042e-25,0.0],[-1.8723203630607894e-25,-3.220651421795284e-25,1.0,0.0],[-0.03367353746514689,0.021523330955422717,7.244229966969578e-28,1.0]],"piston":[[1.0,3.734728519500894e-45,1.8723200773351518e-25,0.0],[-3.734788820399178e-45,1.0,3.2206511596719604e-25,0.0],[-1.8723200773351518e-25,-3.2206511596719604e-25,1.0,0.0],[0.0,0.012446494496301724,-2.1578362775200804e-26,1.0]]}},{"t":0.4166666666666667,"driver_value":150.0,"status":"solved","placements":{"block":[[1.0,0.0,0.0,0.0],[0.0,1.0,0.0,0.0],[0.0,0.0,1.0,0.0],[0.0,0.0,0.0,1.0]],"flywheel":[[-0.8660254037844756,0.4999999999999361,0.0,0.0],[-0.4999999999999361,-0.8660254037844756,0.0,0.0],[0.0,0.0,1.0,0.0],[1.9504797083014225e-16,-3.561604136614882e-17,6.022959908591474e-15,1.0]],"rod":[[0.8574993739161687,-0.5144850082688306,-1.8406305986001123e-32,0.0],[0.5144850082688306,0.8574993739161687,4.275383366953228e-25,0.0],[-2.1996204890653936e-25,-3.6661386551116787e-25,1.0,0.0],[-0.0344704955540124,0.020289700165376432,5.8912068846217e-28,1.0]],"piston":[[1.0,2.4394098657346195e-45,2.199620082425797e-25,0.0],[-2.4394905068496883e-45,1.0,3.6661383351214626e-25,0.0],[-2.199620082425797e-25,-3.6661383351214626e-25,1.0,0.0],[0.0,0.010742158217760117,-2.4563126849220484e-26,1.0]]}},{"t":0.4305555555555556,"driver_value":155.0,"status":"solved","placements":{"block":[[1.0,0.0,0.0,0.0],[0.0,1.0,0.0,0.0],[0.0,0.0,1.0,0.0],[0.0,0.0,0.0,1.0]],"flywheel":[[-0.9063077870366812,0.4226182617406323,0.0,0.0],[-0.4226182617406323,-0.9063077870366812,0.0,0.0],[0.0,0.0,1.0,0.0],[1.973247953923618e-16,-1.8648277366750676e-17,6.022959908591474e-15,1.0]],"rod":[[0.851310517098292,-0.5246621803387764,-2.657445846173104e-32,0.0],[0.5246621803387764,0.851310517098292,4.79722124189863e-25,0.0],[-2.516920330110868e-25,-4.083925035501766e-25,1.0,0.0],[-0.035152366082699046,0.018945608841589256,4.5470991727276325e-28,1.0]],"piston":[[1.0,1.4458463063451875e-45,2.516919786443567e-25,0.0],[-1.445949095453015e-45,1.0,4.0839246598596787e-25,0.0],[-2.516919786443567e-25,-4.0839246598596787e-25,1.0,0.0],[0.0,0.008983413487175337,-2.736229521747539e-26,1.0]]}},{"t":0.4444444444444444,"driver_value":160.0,"status":"solved","placements":{"block":[[1.0,0.0,0.0,0.0],[0.0,1.0,0.0,0.0],[0.0,0.0,1.0,0.0],[0.0,0.0,0.0,1.0]],"flywheel":[[-0.9396926207859337,0.3420201433255992,0.0,0.0],[-0.3420201433255992,-0.9396926207859337,0.0,0.0],[0.0,0.0,1.0,0.0],[1.981921571303502e-16,-1.3552527156068805e-18,6.022959908591474e-15,1.0]],"rod":[[0.8460744236323355,-0.5330647893785626,-3.542127996063769e-32,0.0],[0.5330647893785626,0.8460744236323355,5.268922807417678e-25,0.0],[-2.808676926897619e-25,-4.45790101626755e-25,1.0,0.0],[-0.03571534088836503,0.017501698654084286,3.292472573462227e-28,1.0]],"piston":[[1.0,7.545104730194238e-46,2.808676239992824e-25,0.0],[-7.546356810141118e-46,1.0,4.457900590503382e-25,0.0],[-2.808676239992824e-25,-4.457900590503382e-25,1.0,0.0],[0.0,0.007188685037451431,-2.9867933951057196e-26,1.0]]}},{"t":0.4583333333333333,"driver_value":165.0,"status":"solved","placements":{"block":[[1.0,0.0,0.0,0.0],[0.0,1.0,0.0,0.0],[0.0,0.0,1.0,0.0],[0.0,0.0,0.0,1.0]],"flywheel":[[-0.9659258262890874,0.25881904510244935,0.0,0.0],[-0.25881904510244935,-0.9659258262890874,0.0,0.0],[0.0,0.0,1.0,0.0],[1.975416358268589e-16,1.5910666881224778e-17,6.022959908591474e-15,1.0]],"rod":[[0.8418914289495524,-0.5396469418622519,-4.4084266127607987e-32,0.0],[0.5396469418622519,0.8418914289495524,5.669213574426102e-25,0.0],[-3.059373397061354e-25,-4.7728625550931845e-25,1.0,0.0],[-0.036156345104772517,0.015969319739295062,2.174562444641524e-28,1.0]],"piston":[[1.0,3.2954165019248996e-46,3.059372573719574e-25,0.0],[-3.2968766982617714e-46,1.0,4.77286208752477e-25,0.0],[-3.059372573719574e-25,-4.77286208752477e-25,1.0,0.0],[0.0,0.005376045478915889,-3.19781759929754e-26,1.0]]}},{"t":0.4722222222222222,"driver_value":170.0,"status":"solved","placements":{"block":[[1.0,0.0,0.0,0.0],[0.0,1.0,0.0,0.0],[0.0,0.0,1.0,0.0],[0.0,0.0,0.0,1.0]],"flywheel":[[-0.9848077530122209,0.17364817766685722,0.0,0.0],[-0.17364817766685722,-0.9848077530122209,0.0,0.0],[0.0,0.0,1.0,0.0],[1.9548165169913645e-16,3.309527131512002e-17,6.022959908591474e-15,1.0]],"rod":[[0.8388430335771067,-0.5443733691311112,-5.15622312508088e-32,0.0],[0.5443733691311112,0.8388430335771067,5.978402269395156e-25,0.0],[-3.2544825528855377e-25,-5.014941376294747e-25,1.0,0.0],[-0.03647301573178634,0.014360430935960383,1.2460867851507496e-28,1.0]],"piston":[[1.0,1.095257359451173e-46,3.2544816144040144e-25,0.0],[-1.0968894627394361e-46,1.0,5.0149408773420485e-25,0.0],[-3.2544816144040144e-25,-5.0149408773420485e-25,1.0,0.0],[0.0,0.003562914185627472,-3.360010389009806e-26,1.0]]}},{"t":0.4861111111111111,"driver_value":175.0,"status":"solved","placements":{"block":[[1.0,0.0,0.0,0.0],[0.0,1.0,0.0,0.0],[0.0,0.0,1.0,0.0],[0.0,0.0,0.0,1.0]],"flywheel":[[-0.996194698091752,0.08715574274758431,0.0,0.0],[-0.08715574274758431,-0.996194698091752,0.0,0.0],[0.0,0.0,1.0,0.0],[1.9190378452993428e-16,5.002237773304996e-17,6.022959908591474e-15,1.0]],"rod":[[0.8369893819741091,-0.5472191283778362,-5.688625468836742e-32,0.0],[0.5472191283778362,0.8369893819741091,6.180016964022772e-25,0.0],[-3.381823020280871e-25,-5.172608890599397e-25,1.0,0.0],[-0.03666368160131711,0.012687497422509401,5.620756727733664e-29,1.0]],"piston":[[1.0,2.2334927618824775e-47,3.381822001616365e-25,0.0],[-2.25098560268089e-47,1.0,5.172608372070362e-25,0.0],[-3.381822001616365e-25,-5.172608372070362e-25,1.0,0.0],[0.0,0.0017657860147757554,-3.4656476103482595e-26,1.0]]}},{"t":0.5,"driver_value":180.0,"status":"solved","placements":{"block":[[1.0,0.0,0.0,0.0],[0.0,1.0,0.0,0.0],[0.0,0.0,1.0,0.0],[0.0,0.0,0.0,1.0]],"flywheel":[[-1.0,-7.384127351502513e-14,0.0,0.0],[7.384127351502513e-14,-1.0,0.0,0.0],[0.0,0.0,1.0,0.0],[1.8659119388475531e-16,6.654398293082659e-17,6.016021014687567e-15,1.0]],"rod":[[0.8363673552873976,-0.5481693597872505,-5.931506676391945e-32,0.0],[0.5481693597872505,0.8363673552873976,6.26281732955156e-25,0.0],[-3.433084069912921e-25,-5.238016291712142e-25,1.0,0.0],[-0.036727347105747946,0.010963387195744499,1.432342988589953e-29,1.0]],"piston":[[1.0,1.3401689361060883e-48,3.433083016252152e-25,0.0],[-1.5199943657623983e-48,1.0,5.238015766150125e-25,0.0],[-3.433083016252152e-25,-5.238015766150125e-25,1.0,0.0],[0.0,1.2212453270876722e-15,-3.509470562155412e-26,1.0]]}},{"t":0.5138888888888888,"driver_value":185.0,"status":"solved","placements":{"block":[[1.0,0.0,0.0,0.0],[0.0,1.0,0.0,0.0],[0.0,0.0,1.0,0.0],[0.0,0.0,0.0,1.0]],"flywheel":[[-0.9961946980917391,-0.08715574274773119,0.0,0.0],[0.08715574274773119,-0.9961946980917391,0.0,0.0],[0.0,0.0,1.0,0.0],[1.8030282128433939e-16,8.257554796192723e-17,6.022959908591474e-15,1.0]],"rod":[[0.8369893819741097,-0.5472191283778354,-5.8491715072102e-32,0.0],[0.5472191283778354,0.8369893819741097,6.221539170954873e-25,0.0],[-3.4045447527290423e-25,-5.207362545703088e-25,1.0,0.0],[-0.0366636816013171,0.009201267712603028,1.2672619034068012e-31,1.0]],"piston":[[1.0,-8.86434582597773e-50,3.4045437140559166e-25,0.0],[-8.864345826143322e-50,1.0,5.207362025908731e-25,0.0],[-3.4045437140559166e-25,-5.207362025908731e-25,1.0,0.0],[0.0,-0.0017204436951305524,-3.4889325583768505e-26,1.0]]}},{"t":0.5277777777777778,"driver_value":190.0,"status":"solved","placements":{"block":[[1.0,0.0,0.0,0.0],[0.0,1.0,0.0,0.0],[0.0,0.0,1.0,0.0],[0.0,0.0,0.0,1.0]],"flywheel":[[-0.9848077530121954,-0.17364817766700244,0.0,0.0],[0.17364817766700244,-0.9848077530121954,0.0,0.0],[0.0,0.0,1.0,0.0],[1.7249656564244376e-16,9.795766628406533e-17,6.022959908591474e-15,1.0]],"rod":[[0.8388430335771078,-0.5443733691311097,-5.452553082719938e-32,0.0],[0.5443733691311097,0.8388430335771078,6.0574710300132095e-25,0.0],[-3.297525455638767e-25,-5.081267671444197e-25,1.0,0.0],[-0.03647301573178634,0.007414503829283069,1.4019229251183567e-29,1.0]],"piston":[[1.0,1.3406168621147515e-48,3.2975244802600563e-25,0.0],[-1.5081728909552432e-48,1.0,5.081267170070486e-25,0.0],[-3.2975244802600563e-25,-5.081267170070486e-25,1.0,0.0],[0.0,-0.0033830129210496995,-3.4044490028422806e-26,1.0]]}},{"t":0.5416666666666666,"driver_value":195.0,"status":"solved","placements":{"block":[[1.0,0.0,0.0,0.0],[0.0,1.0,0.0,0.0],[0.0,0.0,1.0,0.0],[0.0,0.0,0.0,1.0]],"flywheel":[[-0.9659258262890494,-0.25881904510259096,0.0,0.0],[0.25881904510259096,-0.9659258262890494,0.0,0.0],[0.0,0.0,1.0,0.0],[1.6317242695906842e-16,1.126486057212439e-16,6.022959908591474e-15,1.0]],"rod":[[0.8418914289495537,-0.5396469418622499,-4.797317966461904e-32,0.0],[0.5396469418622499,0.8418914289495537,5.778627115333134e-25,0.0],[-3.118418047069713e-25,-4.864976898380247e-25,1.0,0.0],[-0.0361563451047725,0.005616557935194083,5.423105759778493e-29,1.0]],"piston":[[1.0,2.2166112083174303e-47,3.1184171753845663e-25,0.0],[-2.2317822343666514e-47,1.0,4.864976427456429e-25,0.0],[-3.1184171753845663e-25,-4.864976427456429e-25,1.0,0.0],[0.0,-0.004976716325184927,-3.2595342073287735e-26,1.0]]}},{"t":0.5555555555555556,"driver_value":200.0,"status":"solved","placements":{"block":[[1.0,0.0,0.0,0.0],[0.0,1.0,0.0,0.0],[0.0,0.0,1.0,0.0],[0.0,0.0,0.0,1.0]],"flywheel":[[-0.9396926207858836,-0.3420201433257369,0.0,0.0],[0.3420201433257369,-0.9396926207858836,0.0,0.0],[0.0,0.0,1.0,0.0],[1.5276408610320757e-16,1.2636376320318554e-16,6.016021014687567e-15,1.0]],"rod":[[0.8460744236323369,-0.5330647893785604,-3.9717097203835116e-32,0.0],[0.5330647893785604,0.8460744236323369,5.398797542844387e-25,0.0],[-2.877908539037631e-25,-4.567784731087602e-25,1.0,0.0],[-0.03571534088836501,0.0038208929210573547,1.186853606004905e-28,1.0]],"piston":[[1.0,1.0819208393717503e-46,2.8779077988977366e-25,0.0],[-1.0832354055782232e-46,1.0,4.567784301416406e-25,0.0],[-2.8779077988977366e-25,-4.567784301416406e-25,1.0,0.0],[0.0,-0.0064921206955753236,-3.060415480940748e-26,1.0]]}},{"t":0.5694444444444444,"driver_value":205.0,"status":"solved","placements":{"block":[[1.0,0.0,0.0,0.0],[0.0,1.0,0.0,0.0],[0.0,0.0,1.0,0.0],[0.0,0.0,0.0,1.0]],"flywheel":[[-0.9063077870366195,-0.42261826174076467,0.0,0.0],[0.42261826174076467,-0.9063077870366195,0.0,0.0],[0.0,0.0,1.0,0.0],[1.4105470264036413e-16,1.3921155894713877e-16,6.022959908591474e-15,1.0]],"rod":[[0.8513105170982933,-0.5246621803387742,-3.078449271898026e-32,0.0],[0.5246621803387742,0.8513105170982933,4.936513081341679e-25,0.0],[-2.590001454455982e-25,-4.202505665454065e-25,1.0,0.0],[-0.035152366082699026,0.002040878371961055,2.0387489945994957e-28,1.0]],"piston":[[1.0,3.240000897677644e-46,2.5900008588924605e-25,0.0],[-3.241089346907629e-46,1.0,4.20250528584861e-25,0.0],[-2.5900008588924605e-25,-4.20250528584861e-25,1.0,0.0],[0.0,-0.0079213169824527,-2.815678542333085e-26,1.0]]}},{"t":0.5833333333333334,"driver_value":210.0,"status":"solved","placements":{"block":[[1.0,0.0,0.0,0.0],[0.0,1.0,0.0,0.0],[0.0,0.0,1.0,0.0],[0.0,0.0,0.0,1.0]],"flywheel":[[-0.8660254037844027,-0.5000000000000623,0.0,0.0],[0.5000000000000623,-0.8660254037844027,0.0,0.0],[0.0,0.0,1.0,0.0],[1.2847795743953228e-16,1.509751525186065e-16,6.022959908591474e-15,1.0]],"rod":[[0.8574993739161698,-0.5144850082688287,-2.2152615206443888e-32,0.0],[0.5144850082688287,0.8574993739161698,4.413632189311147e-25,0.0],[-2.2707474034547775e-25,-3.784686953002447e-25,1.0,0.0],[-0.03447049555401238,0.00028970016537616106,3.039449675158465e-28,1.0]],"piston":[[1.0,7.380793612905015e-46,2.270746951012683e-25,0.0],[-7.381653019467461e-46,1.0,3.7846866294891006e-25,0.0],[-2.270746951012683e-25,-3.7846866294891006e-25,1.0,0.0],[0.0,-0.009257841782240019,-2.5357400412031326e-26,1.0]]}},{"t":0.5972222222222222,"driver_value":215.0,"status":"solved","placements":{"block":[[1.0,0.0,0.0,0.0],[0.0,1.0,0.0,0.0],[0.0,0.0,1.0,0.0],[0.0,0.0,0.0,1.0]],"flywheel":[[-0.8191520442889506,-0.5735764363511049,0.0,0.0],[0.5735764363511049,-0.8191520442889506,0.0,0.0],[0.0,0.0,1.0,0.0],[1.1481701006621492e-16,1.616545439175887e-16,6.022959908591474e-15,1.0]],"rod":[[0.86452482896834,-0.5025901114200939,-1.4587002676010746e-32,0.0],[0.5025901114200939,0.86452482896834,3.853183826027986e-25,0.0],[-1.9365719623372493e-25,-3.331173161493252e-25,1.0,0.0],[-0.03367353746514688,-0.0014197264986194023,4.139466470348352e-28,1.0]],"piston":[[1.0,1.4065589334680485e-45,1.93657163968578e-25,0.0],[-1.4066234440176352e-45,1.0,3.3311728967244654e-25,0.0],[-1.93657163968578e-25,-3.3311728967244654e-25,1.0,0.0],[0.0,-0.010496562957740298,-2.2318858403581527e-26,1.0]]}},{"t":0.6111111111111112,"driver_value":220.0,"status":"solved","placements":{"block":[[1.0,0.0,0.0,0.0],[0.0,1.0,0.0,0.0],[0.0,0.0,1.0,0.0],[0.0,0.0,0.0,1.0]],"flywheel":[[-0.7660444431189323,-0.6427876096865939,0.0,0.0],[0.6427876096865939,-0.7660444431189323,0.0,0.0],[0.0,0.0,1.0,0.0],[1.0028870095490916e-16,1.710871028182126e-16,6.022959908591474e-15,1.0]],"rod":[[0.8722582332822968,-0.4890455750451549,-8.553793922750561e-33,0.0],[0.4890455750451549,0.8722582332822968,3.2780943974958824e-25,0.0],[-1.603137485064503e-25,-2.8593448695243046e-25,1.0,0.0],[-0.03276605352802576,-0.0030748406928280056,5.27809238313337e-28,1.0]],"piston":[[1.0,2.3587291872657616e-45,1.6031372709444756e-25,0.0],[-2.3587750264857512e-45,1.0,2.8593446625292347e-25,0.0],[-1.6031372709444756e-25,-2.8593446625292347e-25,1.0,0.0],[0.0,-0.011633539062913902,-1.9157609235398994e-26,1.0]]}},{"t":0.625,"driver_value":225.0,"status":"solved","placements":{"block":[[1.0,0.0,0.0,0.0],[0.0,1.0,0.0,0.0],[0.0,0.0,1.0,0.0],[0.0,0.0,0.0,1.0]],"flywheel":[[-0.7071067811864976,-0.7071067811865975,0.0,0.0],[0.7071067811865975,-0.7071067811864976,0.0,0.0],[0.0,0.0,1.0,0.0],[8.500145032286355e-17,1.7921861911185388e-16,6.022959908591474e-15,1.0]],"rod":[[0.8805619955311386,-0.4739309781246833,-4.2051245938713704e-33,0.0],[0.4739309781246833,0.8805619955311386,2.709558194792935e-25,0.0],[-1.2841435285152379e-25,-2.3859339909440047e-25,1.0,0.0],[-0.03175337553435399,-0.004663516061237567,6.404983123284751e-28,1.0]],"piston":[[1.0,3.58707346658892e-45,1.284143398103747e-25,0.0],[-3.587104105400776e-45,1.0,2.385933837368645e-25,0.0],[-1.284143398103747e-25,-2.385933837368645e-25,1.0,0.0],[0.0,-0.01266586236065114,-1.5985756715462892e-26,1.0]]}},{"t":0.6388888888888888,"driver_value":230.0,"status":"solved","placements":{"block":[[1.0,0.0,0.0,0.0],[0.0,1.0,0.0,0.0],[0.0,0.0,1.0,0.0],[0.0,0.0,0.0,1.0]],"flywheel":[[-0.6427876096864856,-0.7660444431190232,0.0,0.0],[0.7660444431190232,-0.6427876096864856,0.0,0.0],[0.0,0.0,1.0,0.0],[6.906367838732663e-17,1.8583225236401546e-16,6.022959908591474e-15,1.0]],"rod":[[0.8892931829896628,-0.45733755005259985,-1.4296767059649977e-33,0.0],[0.45733755005259985,0.8892931829896628,2.166566890823551e-25,0.0],[-9.908523811603037e-26,-1