{"schema_version":2,"name":"geneva","driver":{"joint":"crankPin","from":0,"to":360,"steps":72},"frames":[{"t":0.0,"driver_value":0.0,"status":"solved","placements":{"stand":[[1.0,0.0,0.0,0.0],[0.0,1.0,0.0,0.0],[0.0,0.0,1.0,0.0],[0.0,0.0,0.0,1.0]],"wheel":[[1.0,2.5910022584242478e-17,0.0,0.0],[-2.5910022584242478e-17,1.0,0.0,0.0],[0.0,0.0,1.0,0.0],[0.0,0.0,0.0,1.0]],"crank":[[1.0,0.0,0.0,0.0],[0.0,1.0,0.0,0.0],[0.0,0.0,1.0,0.0],[0.0,0.0,0.0,1.0]]}},{"t":0.013888888888888888,"driver_value":5.0,"status":"solved","placements":{"stand":[[1.0,0.0,0.0,0.0],[0.0,1.0,0.0,0.0],[0.0,0.0,1.0,0.0],[0.0,0.0,0.0,1.0]],"wheel":[[0.9999999998856156,1.5125104381385725e-05,0.0,0.0],[-1.5125104381385725e-05,0.9999999998856156,0.0,0.0],[0.0,0.0,1.0,0.0],[0.0,0.0,0.0,1.0]],"crank":[[0.9961946980917391,0.08715574274773114,0.0,0.0],[-0.08715574274773114,0.9961946980917391,0.0,0.0],[0.0,0.0,1.0,0.0],[0.00016144373874923262,-0.003697669541816697,-6.271025365656158e-16,1.0]]}},{"t":0.027777777777777776,"driver_value":10.0,"status":"solved","placements":{"stand":[[1.0,0.0,0.0,0.0],[0.0,1.0,0.0,0.0],[0.0,0.0,1.0,0.0],[0.0,0.0,0.0,1.0]],"wheel":[[0.9999999998631791,-1.6542123392945762e-05,0.0,0.0],[1.6542123392945762e-05,0.9999999998631791,0.0,0.0],[0.0,0.0,1.0,0.0],[0.0,0.0,0.0,1.0]],"crank":[[0.9848077530121954,0.17364817766700247,0.0,0.0],[-0.17364817766700247,0.9848077530121954,0.0,0.0],[0.0,0.0,1.0,0.0],[0.0006445462706941296,-0.007367197585702625,-6.271025365656158e-16,1.0]]}},{"t":0.041666666666666664,"driver_value":15.0,"status":"solved","placements":{"stand":[[1.0,0.0,0.0,0.0],[0.0,1.0,0.0,0.0],[0.0,0.0,1.0,0.0],[0.0,0.0,0.0,1.0]],"wheel":[[0.9999999999959274,2.8539726075263395e-06,0.0,0.0],[-2.8539726075263395e-06,0.9999999999959274,0.0,0.0],[0.0,0.0,1.0,0.0],[0.0,0.0,4.336808689942018e-19,1.0]],"crank":[[0.9659258262890493,0.25881904510259146,0.0,0.0],[-0.25881904510259146,0.9659258262890493,0.0,0.0],[0.0,0.0,1.0,0.0],[0.0014456308938505663,-0.010980656807525828,-6.262351748276274e-16,1.0]]}},{"t":0.05555555555555555,"driver_value":20.0,"status":"solved","placements":{"stand":[[1.0,0.0,0.0,0.0],[0.0,1.0,0.0,0.0],[0.0,0.0,1.0,0.0],[0.0,0.0,0.0,1.0]],"wheel":[[0.9999999999065052,1.3674410125531374e-05,0.0,0.0],[-1.3674410125531374e-05,0.9999999999065052,0.0,0.0],[0.0,0.0,1.0,0.0],[0.0,0.0,0.0,1.0]],"crank":[[0.9396926207858833,0.3420201433257375,0.0,0.0],[-0.3420201433257375,0.9396926207858833,0.0,0.0],[0.0,0.0,1.0,0.0],[0.00255860087052822,-0.014510546600741896,-6.262351748276274e-16,1.0]]}},{"t":0.06944444444444445,"driver_value":25.0,"status":"solved","placements":{"stand":[[1.0,0.0,0.0,0.0],[0.0,1.0,0.0,0.0],[0.0,0.0,1.0,0.0],[0.0,0.0,0.0,1.0]],"wheel":[[0.9999999998378792,-1.8006705861618982e-05,0.0,0.0],[1.8006705861618982e-05,0.9999999998378792,0.0,0.0],[0.0,0.0,1.0,0.0],[0.0,0.0,0.0,1.0]],"crank":[[0.906307787036619,0.42261826174076583,0.0,0.0],[-0.42261826174076583,0.906307787036619,0.0,0.0],[0.0,0.0,1.0,0.0],[0.003974985827174912,-0.017930002372618742,-6.262351748276274e-16,1.0]]}},{"t":0.08333333333333333,"driver_value":30.0,"status":"solved","placements":{"stand":[[1.0,0.0,0.0,0.0],[0.0,1.0,0.0,0.0],[0.0,0.0,1.0,0.0],[0.0,0.0,0.0,1.0]],"wheel":[[0.9999999999827295,5.877162056876118e-06,0.0,0.0],[-5.877162056876118e-06,0.9999999999827295,0.0,0.0],[0.0,0.0,1.0,0.0],[0.0,0.0,4.336808689942018e-19,1.0]],"crank":[[0.866025403784402,0.5000000000000635,0.0,0.0],[-0.5000000000000635,0.866025403784402,0.0,0.0],[0.0,0.0,1.0,0.0],[0.005684006219033928,-0.021213000000008517,-6.271025365656158e-16,1.0]]}},{"t":0.09722222222222222,"driver_value":35.0,"status":"solved","placements":{"stand":[[1.0,0.0,0.0,0.0],[0.0,1.0,0.0,0.0],[0.0,0.0,1.0,0.0],[0.0,0.0,0.0,1.0]],"wheel":[[0.9999999999268592,1.2094697145890166e-05,0.0,0.0],[-1.2094697145890166e-05,0.9999999999268592,0.0,0.0],[0.0,0.0,1.0,0.0],[0.0,0.0,4.336808689942018e-19,1.0]],"crank":[[0.8191520442889497,0.5735764363511061,0.0,0.0],[-0.5735764363511061,0.8191520442889497,0.0,0.0],[0.0,0.0,1.0,0.0],[0.007672655368988535,-0.024334553888638616,-6.271025365656158e-16,1.0]]}},{"t":0.1111111111111111,"driver_value":40.0,"status":"solved","placements":{"stand":[[1.0,0.0,0.0,0.0],[0.0,1.0,0.0,0.0],[0.0,0.0,1.0,0.0],[0.0,0.0,0.0,1.0]],"wheel":[[0.9999999998078006,-1.9606089792931054e-05,0.0,0.0],[1.9606089792931054e-05,0.9999999998078006,0.0,0.0],[0.0,0.0,1.0,0.0],[0.0,0.0,4.336808689942018e-19,1.0]],"crank":[[0.7660444431189308,0.6427876096865955,0.0,0.0],[-0.6427876096865955,0.7660444431189308,0.0,0.0],[0.0,0.0,1.0,0.0],[0.00992579845622836,-0.0272709071285708,-6.271025365656158e-16,1.0]]}},{"t":0.125,"driver_value":45.0,"status":"solved","placements":{"stand":[[1.0,0.0,0.0,0.0],[0.0,1.0,0.0,0.0],[0.0,0.0,1.0,0.0],[0.0,0.0,0.0,1.0]],"wheel":[[0.9999999999569085,9.283478175895902e-06,0.0,0.0],[-9.283478175895902e-06,0.9999999999569085,0.0,0.0],[0.0,0.0,1.0,0.0],[0.0,0.0,0.0,1.0]],"crank":[[0.7071067811864956,0.7071067811865994,0.0,0.0],[-0.7071067811865994,0.7071067811864956,0.0,0.0],[0.0,0.0,1.0,0.0],[0.012426287701374515,-0.029999712298630625,-6.271025365656158e-16,1.0]]}},{"t":0.1388888888888889,"driver_value":50.0,"status":"solved","placements":{"stand":[[1.0,0.0,0.0,0.0],[0.0,1.0,0.0,0.0],[0.0,0.0,1.0,0.0],[0.0,0.0,0.0,1.0]],"wheel":[[0.9999999999475094,1.0246033936357844e-05,0.0,0.0],[-1.0246033936357844e-05,0.9999999999475094,0.0,0.0],[0.0,0.0,1.0,0.0],[0.0,0.0,0.0,1.0]],"crank":[[0.6427876096864831,0.7660444431190253,0.0,0.0],[-0.7660444431190253,0.6427876096864831,0.0,0.0],[0.0,0.0,1.0,0.0],[0.01515509287143478,-0.03250020154377632,-6.271025365656158e-16,1.0]]}},{"t":0.1527777777777778,"driver_value":55.0,"status":"solved","placements":{"stand":[[1.0,0.0,0.0,0.0],[0.0,1.0,0.0,0.0],[0.0,0.0,1.0,0.0],[0.0,0.0,0.0,1.0]],"wheel":[[0.9999999997698549,-2.14543760859417e-05,0.0,0.0],[2.14543760859417e-05,0.9999999997698549,0.0,0.0],[0.0,0.0,1.0,0.0],[0.0,0.0,0.0,1.0]],"crank":[[0.5735764363509859,0.819152044289034,0.0,0.0],[-0.819152044289034,0.5735764363509859,0.0,0.0],[0.0,0.0,1.0,0.0],[0.01809144611136735,-0.03475334463101565,-6.271025365656158e-16,1.0]]}},{"t":0.16666666666666666,"driver_value":60.0,"status":"solved","placements":{"stand":[[1.0,0.0,0.0,0.0],[0.0,1.0,0.0,0.0],[0.0,0.0,1.0,0.0],[0.0,0.0,0.0,1.0]],"wheel":[[0.9999999999101701,1.3403729028902925e-05,0.0,0.0],[-1.3403729028902925e-05,0.9999999999101701,0.0,0.0],[0.0,0.0,1.0,0.0],[0.0,0.0,0.0,1.0]],"crank":[[0.4999999999999363,0.8660254037844755,0.0,0.0],[-0.8660254037844755,0.4999999999999363,0.0,0.0],[0.0,0.0,1.0,0.0],[0.021212999999997796,-0.036741993780969706,-6.271025365656158e-16,1.0]]}},{"t":0.18055555555555555,"driver_value":65.0,"status":"solved","placements":{"stand":[[1.0,0.0,0.0,0.0],[0.0,1.0,0.0,0.0],[0.0,0.0,1.0,0.0],[0.0,0.0,0.0,1.0]],"wheel":[[0.9999999999689625,7.87876939488853e-06,0.0,0.0],[-7.87876939488853e-06,0.9999999999689625,0.0,0.0],[0.0,0.0,1.0,0.0],[0.0,0.0,0.0,1.0]],"crank":[[0.42261826174063305,0.9063077870366809,0.0,0.0],[-0.9063077870366809,0.42261826174063305,0.0,0.0],[0.0,0.0,1.0,0.0],[0.024495997627387852,-0.038451014172828174,-6.271025365656158e-16,1.0]]}},{"t":0.19444444444444445,"driver_value":70.0,"status":"solved","placements":{"stand":[[1.0,0.0,0.0,0.0],[0.0,1.0,0.0,0.0],[0.0,0.0,1.0,0.0],[0.0,0.0,0.0,1.0]],"wheel":[[0.9999999997186028,-2.3723289673183897e-05,0.0,0.0],[2.3723289673183897e-05,0.9999999997186028,0.0,0.0],[0.0,0.0,1.0,0.0],[0.0,0.0,0.0,1.0]],"crank":[[0.34202014332559955,0.9396926207859335,0.0,0.0],[-0.9396926207859335,0.34202014332559955,0.0,0.0],[0.0,0.0,1.0,0.0],[0.027915453399264937,-0.03986739912947428,-6.271025365656158e-16,1.0]]}},{"t":0.20833333333333334,"driver_value":75.0,"status":"solved","placements":{"stand":[[1.0,0.0,0.0,0.0],[0.0,1.0,0.0,0.0],[0.0,0.0,1.0,0.0],[0.0,0.0,0.0,1.0]],"wheel":[[0.9999999998224268,1.8845329214351713e-05,0.0,0.0],[-1.8845329214351713e-05,0.9999999998224268,0.0,0.0],[0.0,0.0,1.0,0.0],[0.0,0.0,0.0,1.0]],"crank":[[0.25881904510244974,0.9659258262890873,0.0,0.0],[-0.9659258262890873,0.25881904510244974,0.0,0.0],[0.0,0.0,1.0,0.0],[0.03144534319248121,-0.040980369106151326,-6.271025365656158e-16,1.0]]}},{"t":0.2222222222222222,"driver_value":80.0,"status":"solved","placements":{"stand":[[1.0,0.0,0.0,0.0],[0.0,1.0,0.0,0.0],[0.0,0.0,1.0,0.0],[0.0,0.0,0.0,1.0]],"wheel":[[0.9999999999900668,4.457177574445575e-06,0.0,0.0],[-4.457177574445575e-06,0.9999999999900668,0.0,0.0],[0.0,0.0,1.0,0.0],[0.0,0.0,4.336808689942018e-19,1.0]],"crank":[[0.17364817766685783,0.9848077530122209,0.0,0.0],[-0.9848077530122209,0.17364817766685783,0.0,0.0],[0.0,0.0,1.0,0.0],[0.03505880241430455,-0.04178145372930714,-6.262351748276274e-16,1.0]]}},{"t":0.2361111111111111,"driver_value":85.0,"status":"solved","placements":{"stand":[[1.0,0.0,0.0,0.0],[0.0,1.0,0.0,0.0],[0.0,0.0,1.0,0.0],[0.0,0.0,0.0,1.0]],"wheel":[[0.9999999996438071,-2.669055274849782e-05,0.0,0.0],[2.669055274849782e-05,0.9999999996438071,0.0,0.0],[0.0,0.0,1.0,0.0],[0.0,0.0,0.0,1.0]],"crank":[[0.0871557427475847,0.996194698091752,0.0,0.0],[-0.996194698091752,0.0871557427475847,0.0,0.0],[0.0,0.0,1.0,0.0],[0.03872833045819056,-0.04226455626125141,-6.271025365656158e-16,1.0]]}},{"t":0.25,"driver_value":90.0,"status":"solved","placements":{"stand":[[1.0,0.0,0.0,0.0],[0.0,1.0,0.0,0.0],[0.0,0.0,1.0,0.0],[0.0,0.0,0.0,1.0]],"wheel":[[0.9999999996373198,2.6932515016898674e-05,0.0,0.0],[-2.6932515016898674e-05,0.9999999996373198,0.0,0.0],[0.0,0.0,1.0,0.0],[0.0,0.0,0.0,1.0]],"crank":[[-7.365757649515303e-14,1.0,0.0,0.0],[-1.0,-7.365757649515303e-14,0.0,0.0],[0.0,0.0,1.0,0.0],[0.04242600000000365,-0.04242600000001073,-6.271025365656158e-16,1.0]]}},{"t":0.2638888888888889,"driver_value":95.0,"status":"solved","placements":{"stand":[[1.0,0.0,0.0,0.0],[0.0,1.0,0.0,0.0],[0.0,0.0,1.0,0.0],[0.0,0.0,0.0,1.0]],"wheel":[[0.9999999999989568,-1.444440540245909e-06,0.0,0.0],[1.444440540245909e-06,0.9999999999989568,0.0,0.0],[0.0,0.0,1.0,0.0],[0.0,0.0,0.0,1.0]],"crank":[[-0.08715574274773145,0.9961946980917391,0.0,0.0],[-0.9961946980917391,-0.08715574274773145,0.0,0.0],[0.0,0.0,1.0,0.0],[0.04612366954181671,-0.04226455626125077,-6.271025365656158e-16,1.0]]}},{"t":0.2777777777777778,"driver_value":100.0,"status":"solved","placements":{"stand":[[1.0,0.0,0.0,0.0],[0.0,1.0,0.0,0.0],[0.0,0.0,1.0,0.0],[0.0,0.0,0.0,1.0]],"wheel":[[0.9999999995272518,-3.074892596014881e-05,0.0,0.0],[3.074892596014881e-05,0.9999999995272518,0.0,0.0],[0.0,0.0,1.0,0.0],[0.0,0.0,0.0,1.0]],"crank":[[-0.1736481776670029,0.9848077530121953,0.0,0.0],[-0.9848077530121953,-0.1736481776670029,0.0,0.0],[0.0,0.0,1.0,0.0],[0.049793197585702643,-0.04178145372930587,-6.262351748276274e-16,1.0]]}},{"t":0.2916666666666667,"driver_value":105.0,"status":"solved","placements":{"stand":[[1.0,0.0,0.0,0.0],[0.0,1.0,0.0,0.0],[0.0,0.0,1.0,0.0],[0.0,0.0,0.0,1.0]],"wheel":[[0.9999999991498209,4.1235400394936086e-05,0.0,0.0],[-4.1235400394936086e-05,0.9999999991498209,0.0,0.0],[0.0,0.0,1.0,0.0],[0.0,0.0,0.0,1.0]],"crank":[[-0.25881904510259185,0.9659258262890492,0.0,0.0],[-0.9659258262890492,-0.25881904510259185,0.0,0.0],[0.0,0.0,1.0,0.0],[0.05340665680752585,-0.04098036910614943,-6.262351748276274e-16,1.0]]}},{"t":0.3055555555555556,"driver_value":110.0,"status":"solved","placements":{"stand":[[1.0,0.0,0.0,0.0],[0.0,1.0,0.0,0.0],[0.0,0.0,1.0,0.0],[0.0,0.0,0.0,1.0]],"wheel":[[0.9999999998873267,-1.5011553552807563e-05,0.0,0.0],[1.5011553552807563e-05,0.9999999998873267,0.0,0.0],[0.0,0.0,1.0,0.0],[0.0,0.0,0.0,1.0]],"crank":[[-0.34202014332573777,0.9396926207858832,0.0,0.0],[-0.9396926207858832,-0.34202014332573777,0.0,0.0],[0.0,0.0,1.0,0.0],[0.05693654660074192,-0.03986739912947179,-6.271025365656158e-16,1.0]]}},{"t":0.3194444444444444,"driver_value":115.0,"status":"solved","placements":{"stand":[[1.0,0.0,0.0,0.0],[0.0,1.0,0.0,0.0],[0.0,0.0,1.0,0.0],[0.0,0.0,0.0,1.0]],"wheel":[[0.9999999993825053,-3.5142416562201335e-05,0.0,0.0],[3.5142416562201335e-05,0.9999999993825053,0.0,0.0],[0.0,0.0,1.0,0.0],[0.0,0.0,0.0,1.0]],"crank":[[-0.4226182617407661,0.9063077870366189,0.0,0.0],[-0.9063077870366189,-0.4226182617407661,0.0,0.0],[0.0,0.0,1.0,0.0],[0.060356002372618754,-0.03845101417282509,-6.271025365656158e-16,1.0]]}},{"t":0.3333333333333333,"driver_value":120.0,"status":"solved","placements":{"stand":[[1.0,0.0,0.0,0.0],[0.0,1.0,0.0,0.0],[0.0,0.0,1.0,0.0],[0.0,0.0,0.0,1.0]],"wheel":[[0.9999999972168993,7.460698018542997e-05,0.0,0.0],[-7.460698018542997e-05,0.9999999972168993,0.0,0.0],[0.0,0.0,1.0,0.0],[0.0,0.0,0.0,1.0]],"crank":[[-0.5000000000000641,0.8660254037844016,0.0,0.0],[-0.8660254037844016,-0.5000000000000641,0.0,0.0],[0.0,0.0,1.0,0.0],[0.06363900000000855,-0.03674199378096607,-6.271025365656158e-16,1.0]]}},{"t":0.3472222222222222,"driver_value":125.0,"status":"solved","placements":{"stand":[[1.0,0.0,0.0,0.0],[0.0,1.0,0.0,0.0],[0.0,0.0,1.0,0.0],[0.0,0.0,0.0,1.0]],"wheel":[[0.9999999975978959,-6.931239521403416e-05,0.0,0.0],[6.931239521403416e-05,0.9999999975978959,0.0,0.0],[0.0,0.0,1.0,0.0],[0.0,0.0,4.336808689942018e-19,1.0]],"crank":[[-0.573576436351107,0.8191520442889492,0.0,0.0],[-0.8191520442889492,-0.573576436351107,0.0,0.0],[0.0,0.0,1.0,0.0],[0.06676055388863866,-0.03475334463101146,-6.271025365656158e-16,1.0]]}},{"t":0.3611111111111111,"driver_value":130.0,"status":"solved","placements":{"stand":[[1.0,0.0,0.0,0.0],[0.0,1.0,0.0,0.0],[0.0,0.0,1.0,0.0],[0.0,0.0,0.0,1.0]],"wheel":[[0.9999999999648856,8.38025265163197e-06,0.0,0.0],[-8.38025265163197e-06,0.9999999999648856,0.0,0.0],[0.0,0.0,1.0,0.0],[0.0,0.0,0.0,1.0]],"crank":[[-0.6427876096865959,0.7660444431189307,0.0,0.0],[-0.7660444431189307,-0.6427876096865959,0.0,0.0],[0.0,0.0,1.0,0.0],[0.06969690712857081,-0.03250020154377164,-6.271025365656158e-16,1.0]]}},{"t":0.375,"driver_value":135.0,"status":"solved","placements":{"stand":[[1.0,0.0,0.0,0.0],[0.0,1.0,0.0,0.0],[0.0,0.0,1.0,0.0],[0.0,0.0,0.0,1.0]],"wheel":[[0.999999999713631,2.3931944854640537e-05,0.0,0.0],[-2.3931944854640537e-05,0.999999999713631,0.0,0.0],[0.0,0.0,1.0,0.0],[0.0,0.0,4.336808689942018e-19,1.0]],"crank":[[-0.7071067811866,0.7071067811864952,0.0,0.0],[-0.7071067811864952,-0.7071067811866,0.0,0.0],[0.0,0.0,1.0,0.0],[0.07242571229863065,-0.029999712298625462,-6.271025365656158e-16,1.0]]}},{"t":0.3888888888888889,"driver_value":140.0,"status":"solved","placements":{"stand":[[1.0,0.0,0.0,0.0],[0.0,1.0,0.0,0.0],[0.0,0.0,1.0,0.0],[0.0,0.0,0.0,1.0]],"wheel":[[0.9999911513823623,-0.004206798899102371,0.0,0.0],[0.004206798899102371,0.9999911513823623,0.0,0.0],[0.0,0.0,1.0,0.0],[6.683699130752854e-31,3.292184646935541e-30,4.336808689942018e-19,1.0]],"crank":[[-0.7660444431190256,0.6427876096864826,0.0,0.0],[-0.6427876096864826,-0.7660444431190256,0.0,0.0],[0.0,0.0,1.0,0.0],[0.07492620154377634,-0.02727090712856521,-6.271025365656158e-16,1.0]]}},{"t":0.4027777777777778,"driver_value":145.0,"status":"solved","placements":{"stand":[[1.0,0.0,0.0,0.0],[0.0,1.0,0.0,0.0],[0.0,0.0,1.0,0.0],[0.0,0.0,0.0,1.0]],"wheel":[[0.9998324046543505,-0.018307446657002943,0.0,0.0],[0.018307446657002943,0.9998324046543505,0.0,0.0],[0.0,0.0,1.0,0.0],[9.626163788736838e-29,4.0361136065539986e-28,4.336808689942018e-19,1.0]],"crank":[[-0.8191520442890341,0.5735764363509855,0.0,0.0],[-0.5735764363509855,-0.8191520442890341,0.0,0.0],[0.0,0.0,1.0,0.0],[0.07717934463101567,-0.02433455388863264,-6.271025365656158e-16,1.0]]}},{"t":0.4166666666666667,"driver_value":150.0,"status":"solved","placements":{"stand":[[1.0,0.0,0.0,0.0],[0.0,1.0,0.0,0.0],[0.0,0.0,1.0,0.0],[0.0,0.0,0.0,1.0]],"wheel":[[0.9989420258413384,-0.04598727006469045,0.0,0.0],[0.04598727006469045,0.9989420258413384,0.0,0.0],[0.0,0.0,1.0,0.0],[1.762850117083421e-27,5.930956152743908e-27,0.0,1.0]],"crank":[[-0.8660254037844756,0.4999999999999361,0.0,0.0],[-0.4999999999999361,-0.8660254037844756,0.0,0.0],[0.0,0.0,1.0,0.0],[0.07916799378096973,-0.021213000000002202,-6.271025365656158e-16,1.0]]}},{"t":0.4305555555555556,"driver_value":155.0,"status":"solved","placements":{"stand":[[1.0,0.0,0.0,0.0],[0.0,1.0,0.0,0.0],[0.0,0.0,1.0,0.0],[0.0,0.0,0.0,1.0]],"wheel":[[0.9958282280150638,-0.09124768648233336,0.0,0.0],[0.09124768648233336,0.9958282280150638,0.0,0.0],[0.0,0.0,1.0,0.0],[1.6170304185707187e-26,4.1782309912306957e-26,-2.6020852139652106e-18,1.0]],"crank":[[-0.9063077870366812,0.4226182617406323,0.0,0.0],[-0.4226182617406323,-0.9063077870366812,0.0,0.0],[0.0,0.0,1.0,0.0],[0.0808770141728282,-0.01793000237261213,-6.271025365656158e-16,1.0]]}},{"t":0.4444444444444444,"driver_value":160.0,"status":"solved","placements":{"stand":[[1.0,0.0,0.0,0.0],[0.0,1.0,0.0,0.0],[0.0,0.0,1.0,0.0],[0.0,0.0,0.0,1.0]],"wheel":[[0.9870904453039624,-0.16016383109062146,0.0,0.0],[0.16016383109062146,0.9870904453039624,0.0,0.0],[0.0,0.0,1.0,0.0],[1.1632202683234714e-25,2.2034630235353017e-25,-8.109832250191573e-17,1.0]],"crank":[[-0.9396926207859337,0.3420201433255992,0.0,0.0],[-0.3420201433255992,-0.9396926207859337,0.0,0.0],[0.0,0.0,1.0,0.0],[0.08229339912947428,-0.01451054660073505,-6.271025365656158e-16,1.0]]}},{"t":0.4583333333333333,"driver_value":165.0,"status":"solved","placements":{"stand":[[1.0,0.0,0.0,0.0],[0.0,1.0,0.0,0.0],[0.0,0.0,1.0,0.0],[0.0,0.0,0.0,1.0]],"wheel":[[0.9659177319865041,-0.2588492515616919,0.0,0.0],[0.2588492515616919,0.9659177319865041,0.0,0.0],[0.0,0.0,1.0,0.0],[6.8348991976769035e-25,9.061930413831787e-25,-1.6822480908285087e-15,1.0]],"crank":[[-0.9659258262890874,0.25881904510244935,0.0,0.0],[-0.25881904510244935,-0.9659258262890874,0.0,0.0],[0.0,0.0,1.0,0.0],[0.08340636910615132,-0.010980656807518792,-6.271025365656158e-16,1.0]]}},{"t":0.4722222222222222,"driver_value":170.0,"status":"solved","placements":{"stand":[[1.0,0.0,0.0,0.0],[0.0,1.0,0.0,0.0],[0.0,0.0,1.0,0.0],[0.0,0.0,0.0,1.0]],"wheel":[[0.9206395631203188,-0.39041362017433323,0.0,0.0],[0.39041362017433323,0.9206395631203188,0.0,0.0],[0.0,0.0,1.0,0.0],[3.2054332427357615e-24,2.793093689676357e-24,-2.3599178167188484e-14,1.0]],"crank":[[-0.9848077530122209,0.17364817766685722,0.0,0.0],[-0.17364817766685722,-0.9848077530122209,0.0,0.0],[0.0,0.0,1.0,0.0],[0.08420745372930716,-0.007367197585695435,-6.271025365656158e-16,1.0]]}},{"t":0.4861111111111111,"driver_value":175.0,"status":"solved","placements":{"stand":[[1.0,0.0,0.0,0.0],[0.0,1.0,0.0,0.0],[0.0,0.0,1.0,0.0],[0.0,0.0,0.0,1.0]],"wheel":[[0.8365374734992985,-0.5479097146715053,0.0,0.0],[0.5479097146715053,0.8365374734992985,0.0,0.0],[0.0,0.0,1.0,0.0],[6.191084769577486e-29,1.5960470338628682e-29,0.0,1.0]],"crank":[[-0.9961946980917457,0.0871557427476573,0.0,0.0],[-0.0871557427476573,-0.9961946980917457,0.0,0.0],[0.0,0.0,1.0,0.0],[0.08469055626124042,-0.0036976695418121097,0.0,1.0]]}},{"t":0.5,"driver_value":180.0,"status":"solved","placements":{"stand":[[1.0,0.0,0.0,0.0],[0.0,1.0,0.0,0.0],[0.0,0.0,1.0,0.0],[0.0,0.0,0.0,1.0]],"wheel":[[0.7071067811865462,-0.7071067811865488,0.0,0.0],[0.7071067811865488,0.7071067811865462,0.0,0.0],[0.0,0.0,1.0,0.0],[2.1553467193626434e-28,5.6747525811369904e-31,4.336808689942018e-19,1.0]],"crank":[[-1.0,-5.66553889764798e-16,0.0,0.0],[5.66553889764798e-16,-1.0,0.0,0.0],[0.0,0.0,1.0,0.0],[0.08485200000000001,3.2486171124472765e-17,0.0,1.0]]}},{"t":0.5138888888888888,"driver_value":185.0,"status":"solved","placements":{"stand":[[1.0,0.0,0.0,0.0],[0.0,1.0,0.0,0.0],[0.0,0.0,1.0,0.0],[0.0,0.0,0.0,1.0]],"wheel":[[0.5479097146715034,-0.8365374734992997,0.0,0.0],[0.8365374734992997,0.5479097146715034,0.0,0.0],[0.0,0.0,1.0,0.0],[2.111138923419179e-28,-4.3432946178589017e-29,0.0,1.0]],"crank":[[-0.9961946980917455,-0.0871557427476582,0.0,0.0],[0.0871557427476582,-0.9961946980917455,0.0,0.0],[0.0,0.0,1.0,0.0],[0.08469055626124039,0.0036976695418121544,4.336808689942018e-19,1.0]]}},{"t":0.5277777777777778,"driver_value":190.0,"status":"solved","placements":{"stand":[[1.0,0.0,0.0,0.0],[0.0,1.0,0.0,0.0],[0.0,0.0,1.0,0.0],[0.0,0.0,0.0,1.0]],"wheel":[[0.3904136201696547,-0.9206395631223028,0.0,0.0],[0.9206395631223028,0.3904136201696547,0.0,0.0],[0.0,0.0,1.0,0.0],[6.032725179900246e-29,-2.1173505289723137e-29,0.0,1.0]],"crank":[[-0.984807753012208,-0.17364817766693028,0.0,0.0],[0.17364817766693028,-0.984807753012208,0.0,0.0],[0.0,0.0,1.0,0.0],[0.08420745372929594,0.007367197585697191,4.336808689942018e-19,1.0]]}},{"t":0.5416666666666666,"driver_value":195.0,"status":"solved","placements":{"stand":[[1.0,0.0,0.0,0.0],[0.0,1.0,0.0,0.0],[0.0,0.0,1.0,0.0],[0.0,0.0,0.0,1.0]],"wheel":[[0.2588492515565202,-0.96591773198789,0.0,0.0],[0.96591773198789,0.2588492515565202,0.0,0.0],[0.0,0.0,1.0,0.0],[4.1741965315164814e-24,-8.076248810920375e-25,-2.3600045528926472e-14,1.0]],"crank":[[-0.9659258262890494,-0.25881904510259096,0.0,0.0],[0.25881904510259096,-0.9659258262890494,0.0,0.0],[0.0,0.0,1.0,0.0],[0.08340636910614946,0.010980656807525814,-6.271025365656158e-16,1.0]]}},{"t":0.5555555555555556,"driver_value":200.0,"status":"solved","placements":{"stand":[[1.0,0.0,0.0,0.0],[0.0,1.0,0.0,0.0],[0.0,0.0,1.0,0.0],[0.0,0.0,0.0,1.0]],"wheel":[[0.1601638310903417,-0.9870904453040078,0.0,0.0],[0.9870904453040078,0.1601638310903417,0.0,0.0],[0.0,0.0,1.0,0.0],[1.1068151300042723e-24,-2.5160398596819505e-25,-1.6822480908285087e-15,1.0]],"crank":[[-0.9396926207858836,-0.3420201433257369,0.0,0.0],[0.3420201433257369,-0.9396926207858836,0.0,0.0],[0.0,0.0,1.0,0.0],[0.0822933991294718,0.014510546600741882,-6.262351748276274e-16,1.0]]}},{"t":0.5694444444444444,"driver_value":205.0,"status":"solved","placements":{"stand":[[1.0,0.0,0.0,0.0],[0.0,1.0,0.0,0.0],[0.0,0.0,1.0,0.0],[0.0,0.0,0.0,1.0]],"wheel":[[0.0912476864823243,-0.9958282280150645,0.0,0.0],[0.9958282280150645,0.0912476864823243,0.0,0.0],[0.0,0.0,1.0,0.0],[2.4240404445118026e-25,-5.765054989738549e-26,-8.109832250191573e-17,1.0]],"crank":[[-0.9063077870366195,-0.42261826174076467,0.0,0.0],[0.42261826174076467,-0.9063077870366195,0.0,0.0],[0.0,0.0,1.0,0.0],[0.08087701417282513,0.0179300023726187,-6.271025365656158e-16,1.0]]}},{"t":0.5833333333333334,"driver_value":210.0,"status":"solved","placements":{"stand":[[1.0,0.0,0.0,0.0],[0.0,1.0,0.0,0.0],[0.0,0.0,1.0,0.0],[0.0,0.0,0.0,1.0]],"wheel":[[0.045987270064690264,-0.9989420258413384,0.0,0.0],[0.9989420258413384,0.045987270064690264,0.0,0.0],[0.0,0.0,1.0,0.0],[4.360312288921903e-26,-1.0296010589152915e-26,-2.6020852139652106e-18,1.0]],"crank":[[-0.8660254037844027,-0.5000000000000623,0.0,0.0],[0.5000000000000623,-0.8660254037844027,0.0,0.0],[0.0,0.0,1.0,0.0],[0.0791679937809661,0.021213000000008468,-6.271025365656158e-16,1.0]]}},{"t":0.5972222222222222,"driver_value":215.0,"status":"solved","placements":{"stand":[[1.0,0.0,0.0,0.0],[0.0,1.0,0.0,0.0],[0.0,0.0,1.0,0.0],[0.0,0.0,0.0,1.0]],"wheel":[[0.018307446657002877,-0.9998324046543505,0.0,0.0],[0.9998324046543505,0.018307446657002877,0.0,0.0],[0.0,0.0,1.0,0.0],[6.0319891857719984e-27,-1.378037132687953e-27,0.0,1.0]],"crank":[[-0.8191520442889506,-0.5735764363511049,0.0,0.0],[0.5735764363511049,-0.8191520442889506,0.0,0.0],[0.0,0.0,1.0,0.0],[0.07717934463101152,0.024334553888638553,-6.271025365656158e-16,1.0]]}},{"t":0.6111111111111112,"driver_value":220.0,"status":"solved","placements":{"stand":[[1.0,0.0,0.0,0.0],[0.0,1.0,0.0,0.0],[0.0,0.0,1.0,0.0],[0.0,0.0,0.0,1.0]],"wheel":[[0.004206798899102244,-0.9999911513823623,0.0,0.0],[0.9999911513823623,0.004206798899102244,0.0,0.0],[0.0,0.0,1.0,0.0],[4.05675957555783e-28,-8.715052072883416e-29,4.336808689942018e-19,1.0]],"crank":[[-0.7660444431189323,-0.6427876096865939,0.0,0.0],[0.6427876096865939,-0.7660444431189323,0.0,0.0],[0.0,0.0,1.0,0.0],[0.0749262015437717,0.02727090712857074,-6.271025365656158e-16,1.0]]}},{"t":0.625,"driver_value":225.0,"status":"solved","placements":{"stand":[[1.0,0.0,0.0,0.0],[0.0,1.0,0.0,0.0],[0.0,0.0,1.0,0.0],[0.0,0.0,0.0,1.0]],"wheel":[[-2.3931944854379763e-05,-0.999999999713631,0.0,0.0],[0.999999999713631,-2.3931944854379763e-05,0.0,0.0],[0.0,0.0,1.0,0.0],[3.2949772453549025e-30,-6.545032174756973e-31,4.336808689942018e-19,1.0]],"crank":[[-0.7071067811864976,-0.7071067811865975,0.0,0.0],[0.7071067811865975,-0.7071067811864976,0.0,0.0],[0.0,0.0,1.0,0.0],[0.07242571229862557,0.02999971229863055,-6.271025365656158e-16,1.0]]}},{"t":0.6388888888888888,"driver_value":230.0,"status":"solved","placements":{"stand":[[1.0,0.0,0.0,0.0],[0.0,1.0,0.0,0.0],[0.0,0.0,1.0,0.0],[0.0,0.0,0.0,1.0]],"wheel":[[-8.380252650992954e-06,-0.9999999999648856,0.0,0.0],[0.9999999999648856,-8.380252650992954e-06,0.0,0.0],[0.0,0.0,1.0,0.0],[-9.62964972193618e-35,-7.222237291452134e-35,0.0,1.0]],"crank":[[-0.6427876096864856,-0.7660444431190232,0.0,0.0],[0.7660444431190232,-0.6427876096864856,0.0,0.0],[0.0,0.0,1.0,0.0],[0.06969690712856533,0.03250020154377623,-6.271025365656158e-16,1.0]]}},{"t":0.6527777777777778,"driver_value":235.0,"status":"solved","placements":{"stand":[[1.0,0.0,0.0,0.0],[0.0,1.0,0.0,0.0],[0.0,0.0,1.0,0.0],[0.0,0.0,0.0,1.0]],"wheel":[[6.931239521431213e-05,-0.9999999975978959,0.0,0.0],[0.9999999975978959,6.931239521431213e-05,0.0,0.0],[0.0,0.0,1.0,0.0],[0.0,0.0,0.0,1.0]],"crank":[[-0.5735764363509888,-0.819152044289032,0.0,0.0],[0.819152044289032,-0.5735764363509888,0.0,0.0],[0.0,0.0,1.0,0.0],[0.06676055388863278,0.03475334463101556,-6.262351748276274e-16,1.0]]}},{"t":0.6666666666666666,"driver_value":240.0,"status":"solved","placements":{"stand":[[1.0,0.0,0.0,0.0],[0.0,1.0,0.0,0.0],[0.0,0.0,1.0,0.0],[0.0,0.0,0.0,1.0]],"wheel":[[-7.46069801855802e-05,-0.9999999972168993,0.0,0.0],[0.9999999972168993,-7.46069801855802e-05,0.0,0.0],[0.0,0.0,1.0,0.0],[1.925929944387236e-34,2.407412430484045e-35,4.336808689942018e-19,1.0]],"crank":[[-0.49999999999993944,-0.8660254037844737,0.0,0.0],[0.8660254037844737,-0.49999999999993944,0.0,0.0],[0.0,0.0,1.0,0.0],[0.06363900000000235,0.036741993780969644,-6.271025365656158e-16,1.0]]}},{"t":0.6805555555555556,"driver_value":245.0,"status":"solved","placements":{"stand":[[1.0,0.0,0.0,0.0],[0.0,1.0,0.0,0.0],[0.0,0.0,1.0,0.0],[0.0,0.0,0.0,1.0]],"wheel":[[3.5142416562261434e-05,-0.9999999993825053,0.0,0.0],[0.9999999993825053,3.5142416562261434e-05,0.0,0.0],[0.0,0.0,1.0,0.0],[0.0,0.0,0.0,1.0]],"crank":[[-0.42261826174063616,-0.9063077870366795,0.0,0.0],[0.9063077870366795,-0.42261826174063616,0.0,0.0],[0.0,0.0,1.0,0.0],[0.060356002372612294,0.038451014172828105,-6.271025365656158e-16,1.0]]}},{"t":0.6944444444444444,"driver_value":250.0,"status":"solved","placements":{"stand":[[1.0,0.0,0.0,0.0],[0.0,1.0,0.0,0.0],[0.0,0.0,1.0,0.0],[0.0,0.0,0.0,1.0]],"wheel":[[1.5011553552598896e-05,-0.9999999998873267,0.0,0.0],[0.9999999998873267,1.5011553552598896e-05,0.0,0.0],[0.0,0.0,1.0,0.0],[0.0,0.0,0.0,1.0]],"crank":[[-0.3420201433256038,-0.939692620785932,0.0,0.0],[0.939692620785932,-0.3420201433256038,0.0,0.0],[0.0,0.0,1.0,0.0],[0.05693654660073526,0.03986739912947422,-6.271025365656158e-16,1.0]]}},{"t":0.7083333333333334,"driver_value":255.0,"status":"solved","placements":{"stand":[[1.0,0.0,0.0,0.0],[0.0,1.0,0.0,0.0],[0.0,0.0,1.0,0.0],[0.0,0.0,0.0,1.0]],"wheel":[[-4.123540039448946e-05,-0.9999999991498209,0.0,0.0],[0.9999999991498209,-4.123540039448946e-05,0.0,0.0],[0.0,0.0,1.0,0.0],[-9.62964972193618e-35,1.6851887013388314e-34,0.0,1.0]],"crank":[[-0.25881904510245435,-0.9659258262890861,0.0,0.0],[0.9659258262890861,-0.25881904510245435,0.0,0.0],[0.0,0.0,1.0,0.0],[0.05340665680751901,0.04098036910615127,-6.271025365656158e-16,1.0]]}},{"t":0.7222222222222222,"driver_value":260.0,"status":"solved","placements":{"stand":[[1.0,0.0,0.0,0.0],[0.0,1.0,0.0,0.0],[0.0,0.0,1.0,0.0],[0.0,0.0,0.0,1.0]],"wheel":[[3.074892595954583e-05,-0.9999999995272518,0.0,0.0],[0.9999999995272518,3.074892595954583e-05,0.0,0.0],[0.0,0.0,1.0,0.0],[2.8888949165808538e-34,-4.81482486096809e-35,4.336808689942018e-19,1.0]],"crank":[[-0.17364817766686252,-0.98480775301222,0.0,0.0],[0.98480775301222,-0.17364817766686252,0.0,0.0],[0.0,0.0,1.0,0.0],[0.04979319758569566,0.04178145372930711,-6.271025365656158e-16,1.0]]}},{"t":0.7361111111111112,"driver_value":265.0,"status":"solved","placements":{"stand":[[1.0,0.0,0.0,0.0],[0.0,1.0,0.0,0.0],[0.0,0.0,1.0,0.0],[0.0,0.0,0.0,1.0]],"wheel":[[1.4444405396826241e-06,-0.9999999999989568,0.0,0.0],[0.9999999999989568,1.4444405396826241e-06,0.0,0.0],[0.0,0.0,1.0,0.0],[0.0,0.0,0.0,1.0]],"crank":[[-0.08715574274758967,-0.9961946980917515,0.0,0.0],[0.9961946980917515,-0.08715574274758967,0.0,0.0],[0.0,0.0,1.0,0.0],[0.04612366954180966,0.04226455626125138,-6.271025365656158e-16,1.0]]}},{"t":0.75,"driver_value":270.0,"status":"solved","placements":{"stand":[[1.0,0.0,0.0,0.0],[0.0,1.0,0.0,0.0],[0.0,0.0,1.0,0.0],[0.0,0.0,0.0,1.0]],"wheel":[[-2.6932515017077537e-05,-0.9999999996373198,0.0,0.0],[0.9999999996373198,-2.6932515017077537e-05,0.0,0.0],[0.0,0.0,1.0,0.0],[-2.8888949165808538e-34,9.62964972193618e-35,-4.336808689942018e-19,1.0]],"crank":[[6.867301526179204e-14,-1.0,0.0,0.0],[1.0,6.867301526179204e-14,0.0,0.0],[0.0,0.0,1.0,0.0],[0.04242599999999658,0.04242600000001073,-6.279698983036042e-16,1.0]]}},{"t":0.7638888888888888,"driver_value":275.0,"status":"solved","placements":{"stand":[[1.0,0.0,0.0,0.0],[0.0,1.0,0.0,0.0],[0.0,0.0,1.0,0.0],[0.0,0.0,0.0,1.0]],"wheel":[[2.6690552748621397e-05,-0.9999999996438071,0.0,0.0],[0.9999999996438071,2.6690552748621397e-05,0.0,0.0],[0.0,0.0,1.0,0.0],[0.0,0.0,0.0,1.0]],"crank":[[0.08715574274772538,-0.9961946980917397,0.0,0.0],[0.9961946980917397,0.08715574274772538,0.0,0.0],[0.0,0.0,1.0,0.0],[0.03872833045818355,0.042264556261250794,-6.266688556966216e-16,1.0]]}},{"t":0.7777777777777778,"driver_value":280.0,"status":"solved","placements":{"stand":[[1.0,0.0,0.0,0.0],[0.0,1.0,0.0,0.0],[0.0,0.0,1.0,0.0],[0.0,0.0,0.0,1.0]],"wheel":[[-4.457177574725472e-06,-0.9999999999900668,0.0,0.0],[0.9999999999900668,-4.457177574725472e-06,0.0,0.0],[0.0,0.0,1.0,0.0],[0.0,0.0,0.0,1.0]],"crank":[[0.1736481776669967,-0.9848077530121964,0.0,0.0],[0.9848077530121964,0.1736481776669967,0.0,0.0],[0.0,0.0,1.0,0.0],[0.03505880241429763,0.041781453729305924,-6.271025365656158e-16,1.0]]}},{"t":0.7916666666666666,"driver_value":285.0,"status":"solved","placements":{"stand":[[1.0,0.0,0.0,0.0],[0.0,1.0,0.0,0.0],[0.0,0.0,1.0,0.0],[0.0,0.0,0.0,1.0]],"wheel":[[-1.8845329213967993e-05,-0.9999999998224268,0.0,0.0],[0.9999999998224268,-1.8845329213967993e-05,0.0,0.0],[0.0,0.0,1.0,0.0],[0.0,0.0,0.0,1.0]],"crank":[[0.25881904510258597,-0.9659258262890508,0.0,0.0],[0.9659258262890508,0.25881904510258597,0.0,0.0],[0.0,0.0,1.0,0.0],[0.03144534319247441,0.040980369106149495,-6.271025365656158e-16,1.0]]}},{"t":0.8055555555555556,"driver_value":290.0,"status":"solved","placements":{"stand":[[1.0,0.0,0.0,0.0],[0.0,1.0,0.0,0.0],[0.0,0.0,1.0,0.0],[0.0,0.0,0.0,1.0]],"wheel":[[2.3723289672762217e-05,-0.9999999997186028,0.0,0.0],[0.9999999997186028,2.3723289672762217e-05,0.0,0.0],[0.0,0.0,1.0,0.0],[0.0,0.0,0.0,1.0]],"crank":[[0.34202014332573205,-0.9396926207858853,0.0,0.0],[0.9396926207858853,0.34202014332573205,0.0,0.0],[0.0,0.0,1.0,0.0],[0.027915453399258338,0.03986739912947189,-6.271025365656158e-16,1.0]]}},{"t":0.8194444444444444,"driver_value":295.0,"status":"solved","placements":{"stand":[[1.0,0.0,0.0,0.0],[0.0,1.0,0.0,0.0],[0.0,0.0,1.0,0.0],[0.0,0.0,0.0,1.0]],"wheel":[[-7.878769394977144e-06,-0.9999999999689625,0.0,0.0],[0.9999999999689625,-7.878769394977144e-06,0.0,0.0],[0.0,0.0,1.0,0.0],[0.0,0.0,0.0,1.0]],"crank":[[0.4226182617407594,-0.906307787036622,0.0,0.0],[0.906307787036622,0.4226182617407594,0.0,0.0],[0.0,0.0,1.0,0.0],[0.024495997627381538,0.03845101417282523,-6.271025365656158e-16,1.0]]}},{"t":0.8333333333333334,"driver_value":300.0,"status":"solved","placements":{"stand":[[1.0,0.0,0.0,0.0],[0.0,1.0,0.0,0.0],[0.0,0.0,1.0,0.0],[0.0,0.0,0.0,1.0]],"wheel":[[-1.3403729029119283e-05,-0.9999999999101701,0.0,0.0],[0.9999999999101701,-1.3403729029119283e-05,0.0,0.0],[0.0,0.0,1.0,0.0],[0.0,0.0,0.0,1.0]],"crank":[[0.5000000000000574,-0.8660254037844055,0.0,0.0],[0.8660254037844055,0.5000000000000574,0.0,0.0],[0.0,0.0,1.0,0.0],[0.02121299999999175,0.03674199378096623,-6.271025365656158e-16,1.0]]}},{"t":0.8472222222222222,"driver_value":305.0,"status":"solved","placements":{"stand":[[1.0,0.0,0.0,0.0],[0.0,1.0,0.0,0.0],[0.0,0.0,1.0,0.0],[0.0,0.0,0.0,1.0]],"wheel":[[2.1454376086330255e-05,-0.9999999997698549,0.0,0.0],[0.9999999997698549,2.1454376086330255e-05,0.0,0.0],[0.0,0.0,1.0,0.0],[0.0,0.0,0.0,1.0]],"crank":[[0.5735764363511002,-0.8191520442889538,0.0,0.0],[0.8191520442889538,0.5735764363511002,0.0,0.0],[0.0,0.0,1.0,0.0],[0.018091446111361646,0.034753344631011644,-6.262351748276274e-16,1.0]]}},{"t":0.8611111111111112,"driver_value":310.0,"status":"solved","placements":{"stand":[[1.0,0.0,0.0,0.0],[0.0,1.0,0.0,0.0],[0.0,0.0,1.0,0.0],[0.0,0.0,0.0,1.0]],"wheel":[[-1.0246033935494138e-05,-0.9999999999475094,0.0,0.0],[0.9999999999475094,-1.0246033935494138e-05,0.0,0.0],[0.0,0.0,1.0,0.0],[0.0,0.0,0.0,1.0]],"crank":[[0.6427876096865899,-0.7660444431189356,0.0,0.0],[0.7660444431189356,0.6427876096865899,0.0,0.0],[0.0,0.0,1.0,0.0],[0.015155092871429444,0.032500201543771846,-6.271025365656158e-16,1.0]]}},{"t":0.875,"driver_value":315.0,"status":"solved","placements":{"stand":[[1.0,0.0,0.0,0.0],[0.0,1.0,0.0,0.0],[0.0,0.0,1.0,0.0],[0.0,0.0,0.0,1.0]],"wheel":[[-9.283478175997327e-06,-0.9999999999569085,0.0,0.0],[0.9999999999569085,-9.283478175997327e-06,0.0,0.0],[0.0,0.0,1.0,0.0],[0.0,0.0,0.0,1.0]],"crank":[[0.7071067811865934,-0.7071067811865016,0.0,0.0],[0.7071067811865016,0.7071067811865934,0.0,0.0],[0.0,0.0,1.0,0.0],[0.01242628770136963,0.029999712298625737,-6.271025365656158e-16,1.0]]}},{"t":0.8888888888888888,"driver_value":320.0,"status":"solved","placements":{"stand":[[1.0,0.0,0.0,0.0],[0.0,1.0,0.0,0.0],[0.0,0.0,1.0,0.0],[0.0,0.0,0.0,1.0]],"wheel":[[1.96060897935932e-05,-0.9999999998078006,0.0,0.0],[0.9999999998078006,1.96060897935932e-05,0.0,0.0],[0.0,0.0,1.0,0.0],[0.0,0.0,0.0,1.0]],"crank":[[0.7660444431190199,-0.6427876096864895,0.0,0.0],[0.6427876096864895,0.7660444431190199,0.0,0.0],[0.0,0.0,1.0,0.0],[0.009925798456223912,0.027270907128565502,-6.271025365656158e-16,1.0]]}},{"t":0.9027777777777778,"driver_value":325.0,"status":"solved","placements":{"stand":[[1.0,0.0,0.0,0.0],[0.0,1.0,0.0,0.0],[0.0,0.0,1.0,0.0],[0.0,0.0,0.0,1.0]],"wheel":[[-1.2094697146335653e-05,-0.9999999999268592,0.0,0.0],[0.9999999999268592,-1.2094697146335653e-05,0.0,0.0],[0.0,0.0,1.0,0.0],[0.0,0.0,0.0,1.0]],"crank":[[0.819152044289029,-0.573576436350993,0.0,0.0],[0.573576436350993,0.819152044289029,0.0,0.0],[0.0,0.0,1.0,0.0],[0.0076726553689845725,0.02433455388863296,-6.271025365656158e-16,1.0]]}},{"t":0.9166666666666666,"driver_value":330.0,"status":"solved","placements":{"stand":[[1.0,0.0,0.0,0.0],[0.0,1.0,0.0,0.0],[0.0,0.0,1.0,0.0],[0.0,0.0,0.0,1.0]],"wheel":[[-5.877162056926868e-06,-0.9999999999827295,0.0,0.0],[0.9999999999827295,-5.877162056926868e-06,0.0,0.0],[0.0,0.0,1.0,0.0],[0.0,0.0,0.0,1.0]],"crank":[[0.866025403784471,-0.499999999999944,0.0,0.0],[0.499999999999944,0.866025403784471,0.0,0.0],[0.0,0.0,1.0,0.0],[0.0056840062190304935,0.021213000000002535,-6.262351748276274e-16,1.0]]}},{"t":0.9305555555555556,"driver_value":335.0,"status":"solved","placements":{"stand":[[1.0,0.0,0.0,0.0],[0.0,1.0,0.0,0.0],[0.0,0.0,1.0,0.0],[0.0,0.0,0.0,1.0]],"wheel":[[1.80067058612495e-05,-0.9999999998378792,0.0,0.0],[0.9999999998378792,1.80067058612495e-05,0.0,0.0],[0.0,0.0,1.0,0.0],[0.0,0.0,0.0,1.0]],"crank":[[0.9063077870366769,-0.42261826174064165,0.0,0.0],[0.42261826174064165,0.9063077870366769,0.0,0.0],[0.0,0.0,1.0,0.0],[0.003974985827172012,0.017930002372612525,-6.262351748276274e-16,1.0]]}},{"t":0.9444444444444444,"driver_value":340.0,"status":"solved","placements":{"stand":[[1.0,0.0,0.0,0.0],[0.0,1.0,0.0,0.0],[0.0,0.0,1.0,0.0],[0.0,0.0,0.0,1.0]],"wheel":[[-1.3674410125076302e-05,-0.9999999999065052,0.0,0.0],[0.9999999999065052,-1.3674410125076302e-05,0.0,0.0],[0.0,0.0,1.0,0.0],[-1.925929944387236e-34,7.222237291452134e-35,-4.336808689942018e-19,1.0]],"crank":[[0.9396926207859302,-0.34202014332560887,0.0,0.0],[0.34202014332560887,0.9396926207859302,0.0,0.0],[0.0,0.0,1.0,0.0],[0.002558600870525868,0.014510546600735462,-6.271025365656158e-16,1.0]]}},{"t":0.9583333333333334,"driver_value":345.0,"status":"solved","placements":{"stand":[[1.0,0.0,0.0,0.0],[0.0,1.0,0.0,0.0],[0.0,0.0,1.0,0.0],[0.0,0.0,0.0,1.0]],"wheel":[[-2.853972607287766e-06,-0.9999999999959274,0.0,0.0],[0.9999999999959274,-2.853972607287766e-06,0.0,0.0],[0.0,0.0,1.0,0.0],[0.0,0.0,0.0,1.0]],"crank":[[0.9659258262890847,-0.2588190451024593,0.0,0.0],[0.2588190451024593,0.9659258262890847,0.0,0.0],[0.0,0.0,1.0,0.0],[0.00144563089384879,0.010980656807519211,-6.271025365656158e-16,1.0]]}},{"t":0.9722222222222222,"driver_value":350.0,"status":"solved","placements":{"stand":[[1.0,0.0,0.0,0.0],[0.0,1.0,0.0,0.0],[0.0,0.0,1.0,0.0],[0.0,0.0,0.0,1.0]],"wheel":[[1.6542123393276782e-05,-0.9999999998631791,0.0,0.0],[0.9999999998631791,1.6542123393276782e-05,0.0,0.0],[0.0,0.0,1.0,0.0],[-1.925929944387236e-34,-7.222237291452134e-35,-4.336808689942018e-19,1.0]],"crank":[[0.9848077530122191,-0.1736481776668679,0.0,0.0],[0.1736481776668679,0.9848077530122191,0.0,0.0],[0.0,0.0,1.0,0.0],[0.0006445462706929361,0.007367197585695886,-6.271025365656158e-16,1.0]]}},{"t":0.9861111111111112,"driver_value":355.0,"status":"solved","placements":{"stand":[[1.0,0.0,0.0,0.0],[0.0,1.0,0.0,0.0],[0.0,0.0,1.0,0.0],[0.0,0.0,0.0,1.0]],"wheel":[[-1.5125104380981257e-05,-0.9999999998856156,0.0,0.0],[0.9999999998856156,-1.5125104380981257e-05,0.0,0.0],[0.0,0.0,1.0,0.0],[0.0,0.0,0.0,1.0]],"crank":[[0.996194698091751,-0.08715574274759595,0.0,0.0],[0.08715574274759595,0.996194698091751,0.0,0.0],[0.0,0.0,1.0,0.0],[0.00016144373874863588,0.0036976695418099205,-6.271025365656158e-16,1.0]]}},{"t":1.0,"driver_value":360.0,"status":"solved","placements":{"stand":[[1.0,0.0,0.0,0.0],[0.0,1.0,0.0,0.0],[0.0,0.0,1.0,0.0],[0.0,0.0,0.0,1.0]],"wheel":[[-3.8285686989269494e-16,-1.0,0.0,0.0],[1.0,-3.8285686989269494e-16,0.0,0.0],[0.0,0.0,1.0,0.0],[0.0,0.0,0.0,1.0]],"crank":[[1.0,6.233638736908969e-14,0.0,0.0],[-6.233638736908969e-14,1.0,0.0,0.0],[0.0,0.0,1.0,0.0],[-1.0720591081536668e-14,-3.1681361146441608e-15,-6.262351748276274e-16,1.0]]}}],"traces":[],"measures":[{"id":"wheelAngle","kind":"angle","unit":"deg","series":[0.0,0.0008666050647092693,0.0009477933480782479,0.00016352384395412168,0.0007834860769568877,0.0010317087079330955,0.0003367355129438194,0.0006929744670153509,0.0011233458414569124,0.0005319044076635897,0.0005870549081657812,0.0012292451979917034,0.0007679768694446827,0.0004514210582551561,0.001359244648369251,0.001079757711347465,0.000255378240733027,0.0015292561326968048,0.0015431195200978274,8.275881227496097e-05,0.0017617837960183474,0.002362614446064172,0.0008600988766792708,0.002013511971802178,0.004274665005385357,0.003971307719507399,0.00048015337220290265,0.00137119928325662,0.2410325331151821,1.0489980301582007,2.6358060898568816,5.235389636501939,9.216405688021462,15.001791762709777,22.98023850159465,33.22372851336636,45.00000000000011,56.776271486633775,67.01976149869652,74.99820823759701,80.78359431199476,84.76461036349858,87.36419391014316,88.95100196984224,89.75896746688584,90.00137119943582,90.00048015310816,89.9960286922831,90.00427466509082,89.99798648784868,89.99913990133747,90.0023626144098,89.99823821631769,89.99991723965333,90.00154311944235,89.99847074397445,90.00025537746357,90.00107975782757,89.99864075562546,90.0004514202341,90.00076797710314,89.99877075479807,90.00058705450127,90.0005319041187,89.998876653802,90.00069297510099,90.00033673658137,89.99896829175117,90.00078348598753,90.00016352058525,89.99905220614534,90.00086660464576,90.00000000000003],"min":0.0,"max":90.00427466509082}],"dof":{"gruebler":1,"solver":4,"status":"mobile"},"source":"examples/07-motion/geneva.motion.hocon"}