{"schema_version":2,"name":"peaucellier","driver":{"joint":"pinP","from":40,"to":140,"steps":60},"frames":[{"t":0.0,"driver_value":40.0,"status":"solved","placements":{"ground":[[1.0,0.0,0.0,0.0],[0.0,1.0,0.0,0.0],[0.0,0.0,1.0,0.0],[0.0,0.0,0.0,1.0]],"crank":[[0.766044443118978,0.6427876096865393,0.0,0.0],[-0.6427876096865393,0.766044443118978,0.0,0.0],[0.0,0.0,1.0,0.0],[-0.012867555628456193,0.035353318532759664,0.0,1.0]],"longOA":[[0.9596724742607079,0.28112051178512554,6.615323740999581e-18,0.0],[-0.28112051178512554,0.9596724742607079,4.779147417749182e-17,0.0],[7.086619577181442e-18,-4.77238654681744e-17,1.0,0.0],[0.0,1.734723475976807e-18,0.0,1.0]],"longOC":[[0.9158525479258732,0.4015147699122487,5.886417195218889e-18,0.0],[-0.4015147699122487,0.9158525479258732,-1.7280804943765228e-17,0.0],[-1.2329588607290238e-17,1.3463185792211596e-17,1.0,0.0],[0.0,0.0,0.0,1.0]],"rhAB":[[0.7374723403857983,0.6753773368761298,-3.0814879110195774e-33,0.0],[-0.6753773368761298,0.7374723403857983,-1.8255851853601064e-17,0.0],[-1.2329588607290241e-17,1.3463185792211594e-17,1.0,0.0],[-0.012646586283353634,0.03871721917851202,3.469446951953614e-18,1.0]],"rhBC":[[0.9990607723135564,-0.043330973035927735,1.2901381256847813e-17,0.0],[0.043330973035927735,0.9990607723135564,-1.2916287723881243e-17,0.0],[-1.2329588607290235e-17,1.3463185792211597e-17,1.0,0.0],[-0.03778817957249008,-0.015199101622677832,0.0,1.0]],"rhCD":[[0.7374723403857986,0.6753773368761294,8.530974412206176e-17,0.0],[-0.6753773368761294,0.7374723403857986,-1.8255851853601052e-17,0.0],[-7.524316526270074e-17,-4.415308200253052e-17,1.0,0.0],[0.021018177069404745,0.020578466247993726,6.938893903907228e-18,1.0]],"rhDA":[[0.9990607723135564,-0.04333097303592783,7.325929879296561e-17,0.0],[0.04333097303592783,0.9990607723135564,4.7371971770607875e-17,0.0],[-7.524316526270075e-17,-4.4153082002530514e-17,1.0,0.0],[-0.002253795918775947,-0.029328440879071264,6.938893903907228e-18,1.0]]}},{"t":0.016666666666666642,"driver_value":41.666666666666664,"status":"solved","placements":{"ground":[[1.0,0.0,0.0,0.0],[0.0,1.0,0.0,0.0],[0.0,0.0,1.0,0.0],[0.0,0.0,0.0,1.0]],"crank":[[0.747025071240996,0.6647958656139377,0.0,0.0],[-0.6647958656139377,0.747025071240996,0.0,0.0],[0.0,0.0,1.0,0.0],[-0.013913621081745209,0.03656377260876659,0.0,1.0]],"longOA":[[0.956440376973391,0.2919277398518298,-3.363208646702819e-17,0.0],[-0.2919277398518298,0.956440376973391,-3.650950887050098e-17,0.0],[2.1508947051260448e-17,4.4737307416036177e-17,1.0,0.0],[0.0,-4.336808689942018e-18,0.0,1.0]],"longOC":[[0.9085572952578302,0.4177602676581102,-6.331268941695036e-18,0.0],[-0.4177602676581102,0.9085572952578302,1.8093378055144842e-17,0.0],[1.3311015044373034e-17,-1.379391802016178e-17,1.0,0.0],[-6.938893903907228e-18,0.0,-6.938893903907228e-18,1.0]],"rhAB":[[0.7195904547139127,0.6943987165055997,-1.613629788178992e-25,0.0],[-0.6943987165055997,0.7195904547139127,1.916912363972797e-17,0.0],[1.3311014968079512e-17,-1.379391828432882e-17,1.0,0.0],[-0.013794368191693399,0.03970083331679758,0.0,1.0]],"rhBC":[[0.999185506517549,-0.040352491438189114,-1.3856792263481258e-17,0.0],[0.040352491438189114,0.999185506517549,1.3245550434629029e-17,0.0],[1.3311015035987503e-17,-1.379391811130144e-17,1.0,0.0],[-0.03882795677940179,-0.01608821096931079,0.0,1.0]],"rhCD":[[0.7195904547139127,0.6943987165055998,-8.13622452493753e-17,0.0],[-0.6943987165055998,0.7195904547139127,1.9169122954832087e-17,0.0],[7.185850943191629e-17,4.270392076964552e-17,1.0,0.0],[0.021076188706785355,0.0215617586846474,-2.0816681711721685e-17,1.0]],"rhDA":[[0.999185506517549,-0.0403524914381892,-7.00767708625243e-17,0.0],[0.0403524914381892,0.999185506517549,-4.55688090251044e-17,0.0],[7.185850876541956e-17,4.270392123090444e-17,1.0,0.0],[-0.0020958112023098108,-0.030078609399094004,0.0,1.0]]}},{"t":0.033333333333333354,"driver_value":43.333333333333336,"status":"solved","placements":{"ground":[[1.0,0.0,0.0,0.0],[0.0,1.0,0.0,0.0],[0.0,0.0,1.0,0.0],[0.0,0.0,0.0,1.0]],"crank":[[0.7273736415730487,0.6862416378687336,0.0,0.0],[-0.6862416378687336,0.7273736415730487,0.0,0.0],[0.0,0.0,1.0,0.0],[-0.014994449713482322,0.03774329008278035,1.734723475976807e-18,1.0]],"longOA":[[0.9530763571390614,0.3027300075356529,-9.541689959473739e-18,0.0],[-0.3027300075356529,0.9530763571390614,8.410670891914492e-17,0.0],[3.455558373241729e-17,-7.727155987427968e-17,1.0,0.0],[0.0,0.0,0.0,1.0]],"longOC":[[0.900988556792695,0.43384285234243125,-6.45626779960035e-18,0.0],[-0.43384285234243125,0.900988556792695,1.798909600911639e-17,0.0],[1.362146413068597e-17,-1.3406964013593798e-17,1.0,0.0],[0.0,0.0,-6.938893903907228e-18,1.0]],"rhAB":[[0.7014730407740885,0.7126959892318422,-1.5386947044192024e-25,0.0],[-0.7126959892318422,0.7014730407740885,1.9112586800501955e-17,0.0],[1.3621464064498476e-17,-1.3406964270344659e-17,1.0,0.0],[-0.014963993432454137,0.040622812451694135,-6.938893903907228e-18,1.0]],"rhBC":[[0.9993146630861051,-0.03701626860049973,-1.4108404615630122e-17,0.0],[0.03701626860049973,0.9993146630861051,1.2893560043811689e-17,0.0],[1.3621464123352459e-17,-1.3406964105938838e-17,1.0,0.0],[-0.03981687838607204,-0.01699265095624558,0.0,1.0]],"rhCD":[[0.7014730407740885,0.7126959892318422,8.540800518411753e-17,0.0],[-0.7126959892318422,0.7014730407740885,1.9112587488095146e-17,0.0],[-4.6289948656343937e-17,-7.427690760534785e-17,1.0,0.0],[0.02108534531760193,0.02253179068610902,-6.938893903907228e-18,1.0]],"rhDA":[[0.9993146630861051,-0.03701626860050005,4.350876968641687e-17,0.0],[0.03701626860050005,0.9993146630861051,7.593948414083512e-17,0.0],[-4.6289947862813185e-17,-7.427690770394156e-17,1.0,0.0],[-0.0019193887367378731,-0.03079917735204028,0.0,1.0]]}},{"t":0.05,"driver_value":45.0,"status":"solved","placements":{"ground":[[1.0,0.0,0.0,0.0],[0.0,1.0,0.0,0.0],[0.0,0.0,1.0,0.0],[0.0,0.0,0.0,1.0]],"crank":[[0.7071067811865477,0.7071067811865474,0.0,0.0],[-0.7071067811865474,0.7071067811865477,0.0,0.0],[0.0,0.0,1.0,0.0],[-0.01610912703473988,0.03889087296526011,-1.734723475976807e-18,1.0]],"longOA":[[0.9495774536264134,0.31353254944961717,2.6919426567402992e-17,0.0],[-0.31353254944961717,0.9495774536264134,7.217913367970094e-17,0.0],[-2.9315727332963958e-18,-7.697979440593053e-17,1.0,0.0],[-6.938893903907228e-18,8.673617379884035e-19,0.0,1.0]],"longOC":[[0.8931536485596221,0.44975166488256046,-6.578810651124233e-18,0.0],[-0.44975166488256046,0.8931536485596221,1.789825761822541e-17,0.0],[1.3925659898528363e-17,-1.3027063051287835e-17,1.0,0.0],[-6.938893903907228e-18,6.938893903907228e-18,0.0,1.0]],"rhAB":[[0.6831524674824379,0.7302757740557033,-1.4655293499815904e-25,0.0],[-0.7302757740557033,0.6831524674824379,1.906904245831362e-17,0.0],[1.392565984186405e-17,-1.3027063300900266e-17,1.0,0.0],[-0.016152319680662344,0.04148265482678971,0.0,1.0]],"rhBC":[[0.9994446943121971,-0.0333212096298883,-1.4352004395918312e-17,0.0],[0.0333212096298883,0.9994446943121971,1.2555809310478394e-17,0.0],[1.3925659892138532e-17,-1.3027063145238788e-17,1.0,0.0],[-0.04075408130773314,-0.01791125175155457,0.0,1.0]],"rhCD":[[0.6831524674824379,0.7302757740557034,8.567105039875706e-17,0.0],[-0.7302757740557034,0.6831524674824379,1.906904311672864e-17,0.0],[-4.460072924915258e-17,-7.559055650183965e-17,1.0,0.0],[0.02104763177670678,0.02348665999805922,-6.938893903907228e-18,1.0]],"rhDA":[[0.9994446943121971,-0.033321209629888174,4.205719267974837e-17,0.0],[0.033321209629888174,0.9994446943121971,7.703473093001552e-17,0.0],[-4.460072849954136e-17,-7.559055657204521e-17,1.0,0.0],[-0.0017246533948236387,-0.031490499709277295,-1.3877787807814457e-17,1.0]]}},{"t":0.06666666666666664,"driver_value":46.666666666666664,"status":"solved","placements":{"ground":[[1.0,0.0,0.0,0.0],[0.0,1.0,0.0,0.0],[0.0,0.0,1.0,0.0],[0.0,0.0,0.0,1.0]],"crank":[[0.6862416378687336,0.7273736415730487,0.0,0.0],[-0.7273736415730487,0.6862416378687336,0.0,0.0],[0.0,0.0,1.0,0.0],[-0.017256709917219656,0.040005550286517665,0.0,1.0]],"longOA":[[0.9459404746384431,0.32434028186581604,-1.8169391134643363e-17,0.0],[-0.32434028186581604,0.9459404746384431,-7.193952299126904e-17,0.0],[-6.1457226904844896e-18,7.39435719655647e-17,1.0,0.0],[0.0,1.734723475976807e-18,0.0,1.0]],"longOC":[[0.8850603125717799,0.4654763614946985,6.110111184612804e-18,0.0],[-0.4654763614946985,0.8850603125717799,-1.6253393878236617e-17,0.0],[-1.2973387559283524e-17,1.1541121543682723e-17,1.0,0.0],[0.0,6.938893903907228e-18,0.0,1.0]],"rhAB":[[0.6646604678349324,0.7471455430486411,1.2711711406004788e-25,0.0],[-0.7471455430486411,0.6646604678349324,-1.7363936052388125e-17,0.0],[-1.2973387515813125e-17,1.1541121765061155e-17,1.0,0.0],[-0.017356219687921143,0.04227996921953432,0.0,1.0]],"rhBC":[[0.9995716625060058,-0.029265876289283066,1.3305591603832308e-17,0.0],[0.029265876289283066,0.9995716625060058,-1.1156500580859031e-17,0.0],[-1.2973387554247878e-17,1.1541121631191962e-17,1.0,0.0],[-0.04163873204459795,-0.018842774550960534,6.938893903907228e-18,1.0]],"rhCD":[[0.6646604678349325,0.747145543048641,-8.166173185087677e-17,0.0],[-0.747145543048641,0.6646604678349325,-1.736393665021364e-17,0.0],[4.1303937018228495e-17,7.255432124740296e-17,1.0,0.0],[0.020965044014082723,0.02442456404426942,-1.3877787807814457e-17,1.0]],"rhDA":[[0.9995716625060058,-0.029265876289282927,-3.916287853437358e-17,0.0],[0.029265876289282927,0.9995716625060058,-7.373203944961464e-17,0.0],[4.130393635021352e-17,7.255432129429052e-17,1.0,0.0],[-0.0015117324237066548,-0.03215287023492863,6.938893903907228e-18,1.0]]}},{"t":0.08333333333333336,"driver_value":48.333333333333336,"status":"solved","placements":{"ground":[[1.0,0.0,0.0,0.0],[0.0,1.0,0.0,0.0],[0.0,0.0,1.0,0.0],[0.0,0.0,0.0,1.0]],"crank":[[0.6647958656139377,0.747025071240996,0.0,0.0],[-0.747025071240996,0.6647958656139377,0.0,0.0],[0.0,0.0,1.0,0.0],[-0.01843622739123342,0.041086378918254784,0.0,1.0]],"longOA":[[0.9421620071793939,0.33515780197944905,2.0401258876226e-17,0.0],[-0.33515780197944905,0.9421620071793939,4.1788386059493676e-17,0.0],[-5.215587391842962e-18,-4.6209070769169604e-17,1.0,0.0],[6.938893903907228e-18,3.469446951953614e-18,-6.938893903907228e-18,1.0]],"longOC":[[0.8767166880120638,0.48100711944955393,-6.707784565391039e-18,0.0],[-0.48100711944955393,0.8767166880120638,1.7468910654773132e-17,0.0],[1.428349706204212e-17,-1.2088793360744433e-17,1.0,0.0],[0.0,-6.938893903907228e-18,-6.938893903907228e-18,1.0]],"rhAB":[[0.6460281235328809,0.7633136076375062,-1.3016009569813136e-25,0.0],[-0.7633136076375062,0.6460281235328809,1.8712488283380302e-17,0.0],[1.4283497023548668e-17,-1.2088793592990223e-17,1.0,0.0],[-0.018572583703883483,0.04301447423452096,0.0,1.0]],"rhBC":[[0.9996912277196193,-0.0248485255184361,-1.457947540217917e-17,0.0],[0.0248485255184361,0.9996912277196193,1.1730136932030388e-17,0.0],[1.428349705742218e-17,-1.2088793457477167e-17,1.0,0.0],[-0.04247003029718971,-0.01978591381932647,0.0,1.0]],"rhCD":[[0.646028123532881,0.7633136076375061,4.440110293178371e-17,0.0],[-0.7633136076375061,0.646028123532881,1.8712488592224967e-17,0.0],[-1.4400864034603612e-17,-4.5980759953809614e-17,1.0,0.0],[0.0208395875338844,0.025343798396687107,0.0,1.0]],"rhDA":[[0.9996912277196193,-0.024848525518436384,1.3253863005967014e-17,0.0],[0.024848525518436384,0.9996912277196193,4.6324402543204004e-17,0.0],[-1.440086367918393e-17,-4.598075989867183e-17,1.0,0.0],[-0.0012807580309378008,-0.03278652443642877,0.0,1.0]]}},{"t":0.1,"driver_value":50.0,"status":"solved","placements":{"ground":[[1.0,0.0,0.0,0.0],[0.0,1.0,0.0,0.0],[0.0,0.0,1.0,0.0],[0.0,0.0,0.0,1.0]],"crank":[[0.6427876096865395,0.766044443118978,0.0,0.0],[-0.766044443118978,0.6427876096865395,0.0,0.0],[0.0,0.0,1.0,0.0],[-0.019646681467240343,0.04213244437154379,1.734723475976807e-18,1.0]],"longOA":[[0.9382384266061854,0.3459893854434695,3.2354496370319995e-17,0.0],[-0.3459893854434695,0.9382384266061854,-2.1564251011177977e-17,0.0],[-3.781723372303075e-17,9.038096624168485e-18,1.0,0.0],[6.938893903907228e-18,3.469446951953614e-18,-3.469446951953614e-18,1.0]],"longOC":[[0.8681312816513695,0.49633464297623886,6.164653575384575e-18,0.0],[-0.49633464297623886,0.8681312816513695,-1.5736773594391753e-17,0.0],[-1.3162434512905642e-17,1.0601854298146046e-17,1.0,0.0],[0.0,0.0,0.0,1.0]],"rhAB":[[0.6272858469608682,0.778789102519152,1.113730080839755e-25,0.0],[-0.778789102519152,0.6272858469608682,-1.6901153820596315e-17,0.0],[-1.3162434485343052e-17,1.0601854502232588e-17,1.0,0.0],[-0.019798322150142697,0.04368599758846527,-3.469446951953614e-18,1.0]],"rhBC":[[0.9997986345045853,-0.02006714834665588,1.3372533034061143e-17,0.0],[0.02006714834665588,0.9997986345045853,-1.0335587014412564e-17,0.0],[-1.3162434509453803e-17,1.0601854387978066e-17,1.0,0.0],[-0.04324721263285769,-0.020739299524058598,0.0,1.0]],"rhCD":[[0.6272858469608681,0.778789102519152,2.6012920209012605e-18,0.0],[-0.778789102519152,0.6272858469608681,-1.690115380345467e-17,0.0],[-1.479418807065421e-17,8.575996699868035e-18,1.0,0.0],[0.020673275678027805,0.026242755366964594,6.938893903907228e-18,1.0]],"rhDA":[[0.9997986345045853,-0.020067148346656145,1.4963304833797845e-17,0.0],[0.020067148346656145,0.9997986345045853,-8.277392505289086e-18,0.0],[-1.479418807717981e-17,8.575996581902575e-18,1.0,0.0],[-0.0010318700396998448,-0.033391642378464335,0.0,1.0]]}},{"t":0.11666666666666664,"driver_value":51.666666666666664,"status":"solved","placements":{"ground":[[1.0,0.0,0.0,0.0],[0.0,1.0,0.0,0.0],[0.0,0.0,1.0,0.0],[0.0,0.0,0.0,1.0]],"crank":[[0.62023549126826,0.7844156649195757,0.0,0.0],[-0.7844156649195757,0.62023549126826,0.0,0.0],[0.0,0.0,1.0,0.0],[-0.02088704798024571,0.043142861570576674,3.469446951953614e-18,1.0]],"longOA":[[0.9341659064166528,0.3568389822997951,-3.863890641408652e-18,0.0],[-0.3568389822997951,0.9341659064166528,-6.985826651802587e-18,0.0],[1.116699630374315e-18,7.90470789044874e-18,1.0,0.0],[-1.3877787807814457e-17,1.734723475976807e-18,0.0,1.0]],"longOC":[[0.8593129374623105,0.5114501691366375,6.221728884982557e-18,0.0],[-0.5114501691366375,0.8593129374623105,-1.5586151419996333e-17,0.0],[-1.3317951904194835e-17,1.021127726990278e-17,1.0,0.0],[0.0,0.0,0.0,1.0]],"rhAB":[[0.608463360870749,0.7935819670820857,1.0441428423123421e-25,0.0],[-0.7935819670820857,0.608463360870749,-1.678207465966249e-17,0.0],[-1.331795188366565e-17,1.0211277466940778e-17,1.0,0.0],[-0.021030368533170737,0.04429447536137783,-6.938893903907228e-18,1.0]],"rhBC":[[0.9998886979252848,-0.014919509418161182,1.3468816834592956e-17,0.0],[0.014919509418161182,0.9998886979252848,-1.0011443516617346e-17,0.0],[-1.3317951901499746e-17,1.0211277361798248e-17,1.0,0.0],[-0.04396955620268486,-0.021701499384135237,-6.938893903907228e-18,1.0]],"rhCD":[[0.6084633608707489,0.7935819670820858,2.6053187458429657e-18,0.0],[-0.7935819670820858,0.6084633608707489,-1.6782074643452784e-17,0.0],[-1.4903192807504832e-17,8.143743564737163e-18,1.0,0.0],[0.020468127646078846,0.027119922685921914,-2.0816681711721685e-17,1.0]],"rhDA":[[0.9998886979252848,-0.014919509418161132,1.502303470993985e-17,0.0],[0.014919509418161132,0.9998886979252848,-7.92048871580851e-18,0.0],[-1.490319280901617e-17,8.143743456825993e-18,1.0,0.0],[-0.0007652186131023309,-0.033968351392152075,-6.938893903907228e-18,1.0]]}},{"t":0.13333333333333336,"driver_value":53.333333333333336,"status":"solved","placements":{"ground":[[1.0,0.0,0.0,0.0],[0.0,1.0,0.0,0.0],[0.0,0.0,1.0,0.0],[0.0,0.0,0.0,1.0]],"crank":[[0.5971585917027863,0.8021231927550437,0.0,0.0],[-0.8021231927550437,0.5971585917027863,0.0,0.0],[0.0,0.0,1.0,0.0],[-0.022156277456346754,0.044116775601527415,-1.734723475976807e-18,1.0]],"longOA":[[0.9299404284175656,0.36771021143633525,-2.2322315844132864e-17,0.0],[-0.36771021143633525,0.9299404284175656,2.2797119550319378e-17,0.0],[2.914115760935248e-17,-1.2991819642515712e-17,1.0,0.0],[-6.938893903907228e-18,1.734723475976807e-18,0.0,1.0]],"longOC":[[0.8502708054072646,0.5263454734982354,-6.857941875804934e-18,0.0],[-0.5263454734982354,0.8502708054072646,1.687788365094723e-17,0.0],[1.4714705424082813e-17,-1.0741125061617082e-17,1.0,0.0],[-6.938893903907228e-18,0.0,0.0,1.0]],"rhAB":[[0.5895896761219245,0.807702924230465,-1.0660569822585139e-25,0.0],[-0.807702924230465,0.5895896761219245,1.821796715675674e-17,0.0],[1.4714705408900608e-17,-1.074112526944633e-17,1.0,0.0],[-0.022265682582146007,0.04483995118962297,0.0,1.0]],"rhBC":[[0.9999557890567959,-0.0094031873213564,-1.481505568295428e-17,0.0],[0.0094031873213564,0.9999557890567959,1.0602285157815515e-17,0.0],[1.471470542199554e-17,-1.0741125164551716e-17,1.0,0.0],[-0.04463638250607824,-0.02267102115714513,0.0,1.0]],"rhCD":[[0.5895896761219245,0.807702924230465,2.6007267150535305e-18,0.0],[-0.807702924230465,0.5895896761219245,1.8217967171975362e-17,0.0],[1.3181343736729065e-17,-1.2841739937397834e-17,1.0,0.0],[0.02022616628394016,0.02797388223936244,0.0,1.0]],"rhDA":[[0.9999557890567959,-0.00940318732135648,-1.3301514290352532e-17,0.0],[0.00940318732135648,0.9999557890567959,1.2717225444374551e-17,0.0],[1.318134376479834e-17,-1.2841739834372603e-17,1.0,0.0],[-0.00048096704564876136,-0.034516728709255096,6.938893903907228e-18,1.0]]}},{"t":0.15,"driver_value":55.0,"status":"solved","placements":{"ground":[[1.0,0.0,0.0,0.0],[0.0,1.0,0.0,0.0],[0.0,0.0,1.0,0.0],[0.0,0.0,0.0,1.0]],"crank":[[0.5735764363510459,0.8191520442889919,0.0,0.0],[-0.8191520442889919,0.5735764363510459,0.0,0.0],[0.0,0.0,1.0,0.0],[-0.023453296000692472,0.04505336243589455,0.0,1.0]],"longOA":[[0.9255577934060332,0.3786063537044178,1.390152081213667e-17,0.0],[-0.3786063537044178,0.9255577934060332,7.171273103127716e-18,0.0],[-1.0151571366875514e-17,-1.1900631814872068e-17,1.0,0.0],[0.0,-3.469446951953614e-18,0.0,1.0]],"longOC":[[0.8410143093965452,0.5410128754385168,-6.976438469130147e-18,0.0],[-0.5410128754385168,0.8410143093965452,1.6885261790211102e-17,0.0],[1.500242861481721e-17,-1.0426403746970276e-17,1.0,0.0],[-6.938893903907228e-18,0.0,0.0,1.0]],"rhAB":[[0.5706930678278764,0.8211634565256827,-1.0010268175357518e-25,0.0],[-0.8211634565256827,0.5706930678278764,1.826972258697206e-17,0.0],[1.500242860641122e-17,-1.0426403949322668e-17,1.0,0.0],[-0.023501253596448793,0.04532257537768688,0.0,1.0]],"rhBC":[[0.9999938202033869,-0.003515615882946711,-1.503899113266453e-17,0.0],[0.003515615882946711,0.9999938202033869,1.037359664423401e-17,0.0],[1.500242861363231e-17,-1.0426403853606091e-17,1.0,0.0],[-0.04524706119827033,-0.023646314985440814,0.0,1.0]],"rhCD":[[0.5706930678278764,0.8211634565256827,1.898344996199599e-18,0.0],[-0.8211634565256827,0.5706930678278764,1.8269722597373394e-17,0.0],[1.3919056228147663e-17,-1.1985255576216798e-17,1.0,0.0],[0.019949415654839715,0.028803308830434353,-1.3877787807814457e-17,1.0]],"rhDA":[[0.9999938202033869,-0.003515615882947029,-1.3961105782908754e-17,0.0],[0.003515615882947029,0.9999938202033869,1.1936247359597654e-17,0.0],[1.3919056245314333e-17,-1.1985255481250543e-17,1.0,0.0],[-0.00017929461804640223,-0.035036804049326215,6.938893903907228e-18,1.0]]}},{"t":0.1666666666666667,"driver_value":56.66666666666667,"status":"solved","placements":{"ground":[[1.0,0.0,0.0,0.0],[0.0,1.0,0.0,0.0],[0.0,0.0,1.0,0.0],[0.0,0.0,0.0,1.0]],"crank":[[0.5495089780708061,0.8354878114129364,0.0,0.0],[-0.8354878114129364,0.5495089780708061,0.0,0.0],[0.0,0.0,1.0,0.0],[-0.024777006206105665,0.045951829627711493,0.0,1.0]],"longOA":[[0.9210136324882722,0.3895303438382661,1.4104532486986656e-17,0.0],[-0.3895303438382661,0.9210136324882722,6.858107008424841e-18,0.0],[-1.0319025919317074e-17,-1.1810553437156548e-17,1.0,0.0],[-6.938893903907228e-18,1.734723475976807e-18,0.0,1.0]],"longOC":[[0.8315531144302728,0.55544524291897,-6.976207725651206e-18,0.0],[-0.55544524291897,0.8315531144302728,1.6621761122120436e-17,0.0],[1.5033565405395068e-17,-9.946975833587746e-18,1.0,0.0],[6.938893903907228e-18,0.0,0.0,1.0]],"rhAB":[[0.5518010502611458,0.8339757795827745,-9.200999191999405e-26,0.0],[-0.8339757795827745,0.5518010502611458,1.802638124609965e-17,0.0],[1.5033565403543472e-17,-9.946976027271504e-18,1.0,0.0],[-0.0247341039862959,0.04574260390658391,3.469446951953614e-18,1.0]],"rhBC":[[0.9999962300824095,0.0027458734437098282,-1.5006195592823005e-17,0.0],[-0.0027458734437098282,0.9999962300824095,9.98821871108735e-18,0.0],[1.5033565405211013e-17,-9.946975942356484e-18,1.0,0.0],[-0.04580101393377496,-0.02462577582123414,0.0,1.0]],"rhCD":[[0.5518010502611458,0.8339757795827745,2.155011545668641e-18,0.0],[-0.8339757795827745,0.5518010502611458,1.802638125709923e-17,0.0],[1.3844427727720793e-17,-1.1744203543884073e-17,1.0,0.0],[0.019639898407353987,0.02960696894040825,-1.3877787807814457e-17,1.0]],"rhDA":[[0.9999962300824095,0.0027458734437096058,-1.381212745079201e-17,0.0],[-0.0027458734437096058,0.9999962300824095,1.1782174230962553e-17,0.0],[1.3844427739539729e-17,-1.1744203459168401e-17,1.0,0.0],[0.0001396004905147158,-0.03552856218583207,6.938893903907228e-18,1.0]]}},{"t":0.1833333333333333,"driver_value":58.33333333333333,"status":"solved","placements":{"ground":[[1.0,0.0,0.0,0.0],[0.0,1.0,0.0,0.0],[0.0,0.0,1.0,0.0],[0.0,0.0,0.0,1.0]],"crank":[[0.5249765803345602,0.8511166724369997,0.0,0.0],[-0.8511166724369997,0.5249765803345602,0.0,0.0],[0.0,0.0,1.0,0.0],[-0.026126288081599183,0.04681141698403499,-1.734723475976807e-18,1.0]],"longOA":[[0.9163034191494963,0.4004847613267483,1.3794813628437034e-17,0.0],[-0.4004847613267483,0.9163034191494963,5.7317436669237514e-18,0.0],[-1.0344758899832865e-17,-1.0776628963222284e-17,1.0,0.0],[6.938893903907228e-18,1.734723475976807e-18,-3.469446951953614e-18,1.0]],"longOC":[[0.8218970929561158,0.5696359965717458,-6.973018815794085e-18,0.0],[-0.5696359965717458,0.8218970929561158,1.6371115831269998e-17,0.0],[1.5056680775366424e-17,-9.483289987920256e-18,1.0,0.0],[-6.938893903907228e-18,0.0,0.0,1.0]],"rhAB":[[0.5329403508729057,0.8461528126830662,-8.411260370872544e-26,0.0],[-0.8461528126830662,0.5329403508729057,1.7794280783699954e-17,0.0],[1.5056680779626954e-17,-9.483290173223941e-18,1.0,0.0],[-0.02596129298845655,0.04610039731795965,0.0,1.0]],"rhBC":[[0.9999559692275779,0.00938400799952891,-1.4967026548830087e-17,0.0],[-0.00938400799952891,0.9999559692275779,9.624164555212203e-18,0.0],[1.5056680776265177e-17,-9.483290098949536e-18,1.0,0.0],[-0.046297718236544126,-0.025607745949141877,0.0,1.0]],"rhCD":[[0.5329403508729055,0.8461528126830664,1.2541867425082193e-18,0.0],[-0.8461528126830664,0.5329403508729055,1.7794280789628428e-17,0.0],[1.4388274017203873e-17,-1.0544523887358718e-17,1.0,0.0],[0.019299632956634533,0.030383719461369217,0.0,1.0]],"rhDA":[[0.9999559692275779,0.009384007999528706,-1.4288690596447286e-17,0.0],[-0.009384007999528706,0.9999559692275779,1.0679079207813495e-17,0.0],[1.4388274019077146e-17,-1.0544523812847368e-17,1.0,0.0],[0.00047549824063197743,-0.03599194551550605,6.938893903907228e-18,1.0]]}},{"t":0.2,"driver_value":60.0,"status":"solved","placements":{"ground":[[1.0,0.0,0.0,0.0],[0.0,1.0,0.0,0.0],[0.0,0.0,1.0,0.0],[0.0,0.0,0.0,1.0]],"crank":[[0.5000000000000001,0.8660254037844386,0.0,0.0],[-0.8660254037844386,0.5000000000000001,0.0,0.0],[0.0,0.0,1.0,0.0],[-0.027499999999999983,0.047631397208144126,0.0,1.0]],"longOA":[[0.9114224821776888,0.41147182039729097,1.371348320687299e-17,0.0],[-0.41147182039729097,0.9114224821776888,5.577298335322462e-18,0.0],[-1.0203875804776319e-17,-1.0725986991744799e-17,1.0,0.0],[0.0,-1.734723475976807e-18,0.0,1.0]],"longOC":[[0.8120562904943264,0.5835791129475028,-7.092306578621629e-18,0.0],[-0.5835791129475028,0.8120562904943264,1.6422728619501895e-17,0.0],[1.534331357123047e-17,-9.197258100643971e-18,1.0,0.0],[-6.938893903907228e-18,6.938893903907228e-18,0.0,1.0]],"rhAB":[[0.5141368837882567,0.8577081465909605,-7.777710308226808e-26,0.0],[-0.8577081465909605,0.5141368837882567,1.788873476644198e-17,0.0],[1.5343313581370305e-17,-9.197258281023072e-18,1.0,0.0],[-0.02717992053728717,0.046396419454148706,-6.938893903907228e-18,1.0]],"rhBC":[[0.9998654858747674,0.016401529087718112,-1.5190400582785855e-17,0.0],[-0.016401529087718112,0.9998654858747674,9.447674858791125e-18,0.0],[1.5343313573347297e-17,-9.19725821605936e-18,1.0,0.0],[-0.04673671138520743,-0.02659051762328772,0.0,1.0]],"rhCD":[[0.5141368837882566,0.8577081465909606,1.3065970595561129e-18,0.0],[-0.8577081465909606,0.5141368837882566,1.7888734772122837e-17,0.0],[1.467154380568767e-17,-1.0317937292946936e-17,1.0,0.0],[0.01893063049660596,0.031132506375954137,-1.3877787807814457e-17,1.0]],"rhDA":[[0.9998654858747674,0.016401529087718015,-1.450034032496882e-17,0.0],[-0.016401529087718015,0.9998654858747674,1.0557185071533829e-17,0.0],[1.467154380240962e-17,-1.0317937227397226e-17,1.0,0.0],[0.0008281537317401527,-0.03642685665336022,-6.938893903907228e-18,1.0]]}},{"t":0.2166666666666667,"driver_value":61.66666666666667,"status":"solved","placements":{"ground":[[1.0,0.0,0.0,0.0],[0.0,1.0,0.0,0.0],[0.0,0.0,1.0,0.0],[0.0,0.0,0.0,1.0]],"crank":[[0.4746003697476406,0.880201391180111,0.0,0.0],[-0.880201391180111,0.4746003697476406,0.0,0.0],[0.0,0.0,1.0,0.0],[-0.028896979663879767,0.0484110765149061,-1.734723475976807e-18,1.0]],"longOA":[[0.9063660195320281,0.42249335928232906,-3.138771477040256e-18,0.0],[-0.42249335928232906,0.9063660195320281,-6.372177314979044e-18,0.0],[1.526732101174931e-19,7.101635094084139e-18,1.0,0.0],[6.938893903907228e-18,-3.469446951953614e-18,3.469446951953614e-18,1.0]],"longOC":[[0.8020408906012625,0.5972691267791544,6.3916385162935095e-18,0.0],[-0.5972691267791544,0.8020408906012625,-1.4610228156676368e-17,0.0],[-1.3852593661191689e-17,7.900472047353721e-18,1.0,0.0],[0.0,-6.938893903907228e-18,0.0,1.0]],"rhAB":[[0.49541572314365423,0.868656008591462,6.326900039623312e-26,0.0],[-0.868656008591462,0.49541572314365423,-1.5947156880132874e-17,0.0],[-1.3852593675222552e-17,7.900472202897332e-18,1.0,0.0],[-0.02838713126947469,0.04663123603574966,-6.938893903907228e-18,1.0]],"rhBC":[[0.9997167126019404,0.02380114586252801,1.3660629108959886e-17,0.0],[-0.02380114586252801,0.9997167126019404,-8.227941651871666e-18,0.0],[-1.3852593664288319e-17,7.90047215369347e-18,1.0,0.0],[-0.04711759429936032,-0.027572335834547455,-6.938893903907228e-18,1.0]],"rhCD":[[0.49541572314365423,0.868656008591462,1.3214193344703136e-18,0.0],[-0.868656008591462,0.49541572314365423,-1.5947156874890255e-17,0.0],[-1.450724555448668e-17,6.752613410502484e-18,1.0,0.0],[0.018534891862634767,0.03185236336093926,-6.938893903907228e-18,1.0]],"rhDA":[[0.9997167126019404,0.023801145862527726,1.4342415884046322e-17,0.0],[-0.023801145862527726,0.9997167126019404,-7.095989499083736e-18,0.0],[-1.4507245539475297e-17,6.7526133622046615e-18,1.0,0.0],[0.0011972941744260723,-0.03683316107391212,-6.938893903907228e-18,1.0]]}},{"t":0.23333333333333328,"driver_value":63.33333333333333,"status":"solved","placements":{"ground":[[1.0,0.0,0.0,0.0],[0.0,1.0,0.0,0.0],[0.0,0.0,1.0,0.0],[0.0,0.0,0.0,1.0]],"crank":[[0.4487991802004623,0.8936326403234122,0.0,0.0],[-0.8936326403234122,0.4487991802004623,0.0,0.0],[0.0,0.0,1.0,0.0],[-0.030316045088974564,0.04914979521778767,0.0,1.0]],"longOA":[[0.9011291132336079,0.43355082894951474,1.3360262434695486e-17,0.0],[-0.43355082894951474,0.9011291132336079,4.359810722847984e-18,0.0],[-1.0149121887391701e-17,-9.72110522409167e-18,1.0,0.0],[0.0,-5.204170427930421e-18,0.0,1.0]],"longOC":[[0.7918611792625718,0.610701132123471,-7.163617038750213e-18,0.0],[-0.610701132123471,0.7918611792625718,1.6178501484791417e-17,0.0],[1.555281940891357e-17,-8.436298228784458e-18,1.0,0.0],[-6.938893903907228e-18,6.938893903907228e-18,0.0,1.0]],"rhAB":[[0.47680107663771515,0.8790112247958587,-6.345792950154564e-26,0.0],[-0.8790112247958587,0.47680107663771515,1.769353901382109e-17,0.0],[1.5552819429768994e-17,-8.43629839554108e-18,1.0,0.0],[-0.029580118638941097,0.04680551305972333,-3.469446951953614e-18,1.0]],"rhBC":[[0.999501054001944,0.031585487949421474,-1.527859479695059e-17,0.0],[-0.031585487949421474,0.999501054001944,8.923332483502621e-18,0.0],[1.5552819413847084e-17,-8.436298350627478e-18,1.0,0.0],[-0.047440035410462565,-0.02855140122186331,0.0,1.0]],"rhCD":[[0.47680107663771515,0.8790112247958587,5.470185513028877e-19,0.0],[-0.8790112247958587,0.47680107663771515,1.7693539015782962e-17,0.0],[1.5292000367034674e-17,-8.917133899023543e-18,1.0,0.0],[0.01811440426598325,0.03254241029323796,0.0,1.0]],"rhDA":[[0.999501054001944,0.03158548794942147,-1.5002718446246354e-17,0.0],[-0.03158548794942147,0.999501054001944,9.395689978223785e-18,0.0],[1.5292000352501326e-17,-8.917133853617698e-18,1.0,0.0],[0.0015826158507439986,-0.037210689817227055,0.0,1.0]]}},{"t":0.25,"driver_value":65.0,"status":"solved","placements":{"ground":[[1.0,0.0,0.0,0.0],[0.0,1.0,0.0,0.0],[0.0,0.0,1.0,0.0],[0.0,0.0,0.0,1.0]],"crank":[[0.42261826174069944,0.9063077870366499,0.0,0.0],[-0.9063077870366499,0.42261826174069944,0.0,0.0],[0.0,0.0,1.0,0.0],[-0.03175599560426153,0.04984692828701576,0.0,1.0]],"longOA":[[0.8957067453417502,0.44464528148771465,-2.985479429323076e-18,0.0],[-0.44464528148771465,0.8957067453417502,-6.674977480018929e-18,0.0],[-2.938831776034548e-19,7.306301695084374e-18,1.0,0.0],[-6.938893903907228e-18,-3.469446951953614e-18,0.0,1.0]],"longOC":[[0.7815275088271687,0.62387078225094,6.449788029356763e-18,0.0],[-0.62387078225094,0.7815275088271687,-1.4403750387176707e-17,0.0],[-1.4026765792441696e-17,7.233092854631027e-18,1.0,0.0],[0.0,6.938893903907228e-18,0.0,1.0]],"rhAB":[[0.45831625967027906,0.8887891797956619,5.05978188762756e-26,0.0],[-0.8887891797956619,0.45831625967027906,-1.5781881813159438e-17,0.0],[-1.4026765815539855e-17,7.233092998194842e-18,1.0,0.0],[-0.030756129116389003,0.04692001500263453,0.0,1.0]],"rhBC":[[0.9992093756720779,0.03975705684550067,1.3728109407797607e-17,0.0],[-0.03975705684550067,0.9992093756720779,-7.785037232670765e-18,0.0],[-1.4026765798327054e-17,7.233092966733773e-18,1.0,0.0],[-0.04770377449854893,-0.029525873139723276,0.0,1.0]],"rhCD":[[0.45831625967027906,0.8887891797956619,5.435649119711403e-19,0.0],[-0.8887891797956619,0.45831625967027906,-1.5781881811416733e-17,0.0],[-1.427589042814377e-17,6.7499784300903955e-18,1.0,0.0],[0.017671137923211032,0.0332018516387353,0.0,1.0]],"rhDA":[[0.9992093756720779,0.03975705684550041,1.3996244268662826e-17,0.0],[-0.03975705684550041,0.9992093756720779,-7.312209088631235e-18,0.0],[-1.4275890409847378e-17,6.749978399222173e-18,1.0,0.0],[0.001983781079469893,-0.03755924227630899,0.0,1.0]]}},{"t":0.2666666666666667,"driver_value":66.66666666666667,"status":"solved","placements":{"ground":[[1.0,0.0,0.0,0.0],[0.0,1.0,0.0,0.0],[0.0,0.0,1.0,0.0],[0.0,0.0,0.0,1.0]],"crank":[[0.3960797660391569,0.918216106880274,0.0,0.0],[-0.918216106880274,0.3960797660391569,0.0,0.0],[0.0,0.0,1.0,0.0],[-0.03321561286784637,0.05050188587841507,0.0,1.0]],"longOA":[[0.8900938150635843,0.45577735835115135,1.3269658346799208e-17,0.0],[-0.45577735835115135,0.8900938150635843,3.212042388950705e-18,0.0],[-1.0347264627544968e-17,-8.907028891653531e-18,1.0,0.0],[-1.3877787807814457e-17,3.469446951953614e-18,0.0,1.0]],"longOC":[[0.7710502616126548,0.636774288164226,-7.279151381299263e-18,0.0],[-0.636774288164226,0.7710502616126548,1.608749062808579e-17,0.0],[1.58566919699169e-17,-7.769087418210199e-18,1.0,0.0],[-6.938893903907228e-18,0.0,0.0,1.0]],"rhAB":[[0.4399836704462946,0.8980057737791035,-4.9923130179645775e-26,0.0],[-0.8980057737791035,0.4399836704462946,1.7657672635945022e-17,0.0],[1.5856692000545276e-17,-7.76908757307093e-18,1.0,0.0],[-0.03191246644601818,0.04697560281545814,-6.938893903907228e-18,1.0]],"rhBC":[[0.9988319948068743,0.04831817618785081,-1.5462783138827567e-17,0.0],[-0.04831817618785081,0.9988319948068743,8.526179649562757e-18,0.0],[1.585669197833808e-17,-7.769087547398146e-18,1.0,0.0],[-0.04790862647370521,-0.03049387289189267,0.0,1.0]],"rhCD":[[0.4399836704462946,0.8980057737791035,-1.478994403970959e-19,0.0],[-0.8980057737791035,0.4399836704462946,1.7657672635526874e-17,0.0],[1.592176531684728e-17,-7.63627306630292e-18,1.0,0.0],[0.017207042605515005,0.03382997470639001,0.0,1.0]],"rhDA":[[0.9988319948068743,0.04831817618785097,-1.5534197803672744e-17,0.0],[-0.04831817618785097,0.9988319948068743,8.396664494966002e-18,0.0],[1.5921765294425053e-17,-7.63627304081616e-18,1.0,0.0],[0.0024004152053414413,-0.037878589080177764,0.0,1.0]]}},{"t":0.28333333333333327,"driver_value":68.33333333333333,"status":"solved","placements":{"ground":[[1.0,0.0,0.0,0.0],[0.0,1.0,0.0,0.0],[0.0,0.0,1.0,0.0],[0.0,0.0,0.0,1.0]],"crank":[[0.3692061473126844,0.9293475242268224,0.0,0.0],[-0.9293475242268224,0.3692061473126844,0.0,0.0],[0.0,0.0,1.0,0.0],[-0.03469366189780237,0.05111411383247524,0.0,1.0]],"longOA":[[0.8842851570277084,0.46694727867338637,-2.2864161538733673e-18,0.0],[-0.46694727867338637,0.8842851570277084,-7.372377222443521e-17,0.0],[-3.240327094607801e-17,6.626047329912574e-17,1.0,0.0],[1.3877787807814457e-17,0.0,-3.469446951953614e-18,1.0]],"longOC":[[0.7604398133315562,0.6494084156370843,-7.31835665761892e-18,0.0],[-0.6494084156370843,0.7604398133315562,1.6019278667243132e-17,0.0],[1.5968224149556788e-17,-7.429094877333138e-18,1.0,0.0],[-6.938893903907228e-18,0.0,0.0,1.0]],"rhAB":[[0.4218247664201582,0.906677377259728,-4.3174478291146484e-26,0.0],[-0.906677377259728,0.4218247664201582,1.7611803897305195e-17,0.0],[1.5968224184633393e-17,-7.429095026073073e-18,1.0,0.0],[-0.03304649593008149,0.04697323169837399,-6.938893903907228e-18,1.0]],"rhBC":[[0.9983586726798565,0.05727094101649833,-1.5516543815286508e-17,0.0],[-0.05727094101649833,0.9983586726798565,8.331416657214206e-18,0.0],[1.596822415996746e-17,-7.429095009814035e-18,1.0,0.0],[-0.04805448507917572,-0.03145348713928706,-6.938893903907228e-18,1.0]],"rhCD":[[0.4218247664201584,0.9066773772597279,-8.664724383631136e-17,0.0],[-0.9066773772597279,0.4218247664201584,1.76118036848937e-17,0.0],[5.2518177366035175e-17,7.113200081267292e-17,1.0,0.0],[0.016724044134743002,0.034426147752186755,-6.938893903907228e-18,1.0]],"rhDA":[[0.9983586726798565,0.05727094101649855,-5.650577435914348e-17,0.0],[-0.05727094101649855,0.9983586726798565,-6.800748437925136e-17,0.0],[5.2518177261377393e-17,7.113200070757953e-17,1.0,0.0],[0.0028321036332814437,-0.03816847508463729,-1.3877787807814457e-17,1.0]]}},{"t":0.3,"driver_value":70.0,"status":"solved","placements":{"ground":[[1.0,0.0,0.0,0.0],[0.0,1.0,0.0,0.0],[0.0,0.0,1.0,0.0],[0.0,0.0,0.0,1.0]],"crank":[[0.3420201433256688,0.9396926207859083,0.0,0.0],[-0.9396926207859083,0.3420201433256688,0.0,0.0],[0.0,0.0,1.0,0.0],[-0.03618889211708821,0.05168309414322496,0.0,1.0]],"longOA":[[0.8782755607347285,0.4781548278707413,1.3334766423432649e-17,0.0],[-0.4781548278707413,0.8782755607347285,2.8002911292087597e-18,0.0],[-1.0372626734932162e-17,-8.835510205619288e-18,1.0,0.0],[0.0,-3.469446951953614e-18,3.469446951953614e-18,1.0]],"longOC":[[0.7497064965052158,0.6617704806788188,-7.35619582574588e-18,0.0],[-0.6617704806788188,0.7497064965052158,1.5960302748610632e-17,0.0],[1.6077045021853767e-17,-7.09742940925207e-18,1.0,0.0],[6.938893903907228e-18,0.0,-6.938893903907228e-18,1.0]],"rhAB":[[0.40386004245183615,0.914820783602341,-3.6555111768697975e-26,0.0],[-0.914820783602341,0.40386004245183615,1.7573983161005423e-17,0.0],[1.6077045061128474e-17,-7.097429552010127e-18,1.0,0.0],[-0.03415564871024518,0.04691394864618956,-6.938893903907228e-18,1.0]],"rhBC":[[0.9977786092955898,0.06661716619730094,-1.5568520992471104e-17,0.0],[-0.06661716619730094,0.9977786092955898,8.152670561896305e-18,0.0],[1.60770450344307e-17,-7.097429544892374e-18,1.0,0.0],[-0.04814132649111596,-0.03240277148749412,-6.938893903907228e-18,1.0]],"rhCD":[[0.40386004245183593,0.914820783602341,-3.136130998220347e-20,0.0],[-0.914820783602341,0.40386004245183593,1.7573983160940184e-17,0.0],[1.6089710626286404e-17,-7.068739607252438e-18,1.0,0.0],[0.016224040854418142,0.03498981791984017,0.0,1.0]],"rhDA":[[0.9977786092955898,0.06661716619730101,-1.5583069665262597e-17,0.0],[-0.06661716619730101,0.9977786092955898,8.124888092821012e-18,0.0],[1.6089710599575934e-17,-7.068739600182327e-18,1.0,0.0],[0.0032783889303430735,-0.03842862248026593,-1.3877787807814457e-17,1.0]]}},{"t":0.3166666666666667,"driver_value":71.66666666666667,"status":"solved","placements":{"ground":[[1.0,0.0,0.0,0.0],[0.0,1.0,0.0,0.0],[0.0,0.0,1.0,0.0],[0.0,0.0,0.0,1.0]],"crank":[[0.31454475615161365,0.9492426435730339,0.0,0.0],[-0.9492426435730339,0.31454475615161365,0.0,0.0],[0.0,0.0,1.0,0.0],[-0.03770003841166126,0.05220834539651686,1.734723475976807e-18,1.0]],"longOA":[[0.8720597911784358,0.48939934676072355,2.8835572518720236e-17,0.0],[-0.48939934676072355,0.8720597911784358,8.072521502868674e-17,0.0],[1.436052415297242e-17,-8.450932451488404e-17,1.0,0.0],[0.0,0.0,0.0,1.0]],"longOC":[[0.7388605640479133,0.6738583433443556,-7.39873241593812e-18,0.0],[-0.6738583433443556,0.7388605640479133,1.5923310170891743e-17,0.0],[1.6196687018395054e-17,-6.779408365722705e-18,1.0,0.0],[-6.938893903907228e-18,0.0,0.0,1.0]],"rhAB":[[0.3861090110378999,0.922453159567105,-3.0107806286737066e-26,0.0],[-0.922453159567105,0.3861090110378999,1.75582758669663e-17,0.0],[1.6196687061658806e-17,-6.77940850275194e-18,1.0,0.0],[-0.03523742601324159,0.04679888975744502,0.0,1.0]],"rhBC":[[0.9970804404846334,0.07635833420766534,-1.5631735501268972e-17,0.0],[-0.07635833420766534,0.9970804404846334,7.996367659390738e-18,0.0],[1.6196687033327673e-17,-6.779408504450671e-18,1.0,0.0],[-0.04816921278844043,-0.0333397542568945,0.0,1.0]],"rhCD":[[0.3861090110378999,0.922453159567105,8.68973831585794e-17,0.0],[-0.922453159567105,0.3861090110378999,1.7558276015972313e-17,0.0],[-1.735517548565557e-17,-8.693817424080246e-17,1.0,0.0],[0.015708900105500793,0.03552050900762743,0.0,1.0]],"rhDA":[[0.9970804404846333,0.07635833420766566,2.3942960208063322e-17,0.0],[-0.07635833420766566,0.9970804404846333,8.53591406360675e-17,0.0],[-1.7355175522393848e-17,-8.69381741022881e-17,1.0,0.0],[0.003738768019584948,-0.03865873402455482,0.0,1.0]]}},{"t":0.3333333333333334,"driver_value":73.33333333333334,"status":"solved","placements":{"ground":[[1.0,0.0,0.0,0.0],[0.0,1.0,0.0,0.0],[0.0,0.0,1.0,0.0],[0.0,0.0,0.0,1.0]],"crank":[[0.2868032327110903,0.9579895123154889,0.0,0.0],[-0.9579895123154889,0.2868032327110903,0.0,0.0],[0.0,0.0,1.0,0.0],[-0.03922582220089001,0.052689423177351896,-1.734723475976807e-18,1.0]],"longOA":[[0.8656326106115585,0.5006797214246029,-2.3327308467340985e-18,0.0],[-0.5006797214246029,0.8656326106115585,-5.916428275469004e-18,0.0],[-9.42947768077916e-19,6.2894042840916814e-18,1.0,0.0],[0.0,0.0,0.0,1.0]],"longOC":[[0.7279121532173456,0.6856703998266861,6.4477127634765626e-18,0.0],[-0.6856703998266861,0.7279121532173456,-1.3775061893586842e-17,0.0],[-1.4138520677202225e-17,5.606029175162402e-18,1.0,0.0],[0.0,0.0,0.0,1.0]],"rhAB":[[0.36859018496795215,0.9295919941271498,2.0641471572225035e-26,0.0],[-0.9295919941271498,0.36859018496795215,-1.520938304080135e-17,0.0],[-1.4138520717950422e-17,5.606029289069256e-18,1.0,0.0],[-0.036289403327121286,0.04662927730286584,3.469446951953614e-18,1.0]],"rhBC":[[0.9962522377006384,0.08649554252370853,1.3600636331997929e-17,0.0],[-0.08649554252370853,0.9962522377006384,-6.807938250377503e-18,0.0],[-1.413852069233985e-17,5.606029297862535e-18,1.0,0.0],[-0.04813829526501281,-0.03426244043562118,-6.938893903907228e-18,1.0]],"rhCD":[[0.36859018496795193,0.9295919941271499,5.150197462381804e-19,0.0],[-0.9295919941271499,0.36859018496795193,-1.520938304010239e-17,0.0],[-1.4328351933220512e-17,5.127271075079362e-18,1.0,0.0],[0.015180454737731622,0.03601781905335519,6.938893903907228e-18,1.0]],"rhDA":[[0.9962522377006384,0.08649554252370868,1.3831166556674548e-17,0.0],[-0.08649554252370868,0.9962522377006384,-6.3473938632149546e-18,0.0],[-1.4328351907907688e-17,5.1272710847398575e-18,1.0,0.0],[0.004212689491221527,-0.03885849640239708,-6.938893903907228e-18,1.0]]}},{"t":0.35,"driver_value":75.0,"status":"solved","placements":{"ground":[[1.0,0.0,0.0,0.0],[0.0,1.0,0.0,0.0],[0.0,0.0,1.0,0.0],[0.0,0.0,0.0,1.